@relation abalone-19_vs_10-11-12-13
@attribute Sex {M, F, I}
@attribute Length real [0.075, 0.815]
@attribute Diameter real [0.055, 0.65]
@attribute Height real [0.0, 1.13]
@attribute Whole_weight real [0.0020, 2.8255]
@attribute Shucked_weight real [0.0010, 1.488]
@attribute Viscera_weight real [5.0E-4, 0.76]
@attribute Shell_weight real [0.0015, 1.005]
@attribute Class {positive, negative}
@data
F, 0.68, 0.55, 0.175, 1.798, 0.815, 0.3925, 0.455, positive
M, 0.7, 0.535, 0.16, 1.7255, 0.63, 0.2635, 0.54, positive
M, 0.56, 0.45, 0.185, 1.07, 0.3805, 0.175, 0.41, positive
F, 0.565, 0.455, 0.175, 1.013, 0.342, 0.207, 0.35, positive
M, 0.595, 0.455, 0.195, 1.3305, 0.4595, 0.3235, 0.345, positive
M, 0.63, 0.515, 0.16, 1.016, 0.4215, 0.244, 0.355, positive
F, 0.68, 0.58, 0.2, 1.787, 0.585, 0.453, 0.6, positive
M, 0.6, 0.5, 0.16, 1.015, 0.3995, 0.1735, 0.33, positive
F, 0.505, 0.425, 0.14, 0.85, 0.275, 0.1625, 0.285, positive
F, 0.58, 0.46, 0.15, 0.9955, 0.429, 0.212, 0.26, positive
F, 0.605, 0.485, 0.165, 1.0105, 0.435, 0.209, 0.3, positive
F, 0.645, 0.525, 0.19, 1.4635, 0.6615, 0.3435, 0.435, positive
F, 0.66, 0.52, 0.18, 1.514, 0.526, 0.2975, 0.42, positive
F, 0.59, 0.45, 0.16, 0.9, 0.358, 0.156, 0.315, positive
I, 0.45, 0.355, 0.12, 0.412, 0.1145, 0.0665, 0.16, positive
M, 0.5, 0.38, 0.155, 0.66, 0.2655, 0.1365, 0.215, positive
M, 0.57, 0.405, 0.16, 0.9245, 0.3445, 0.2185, 0.295, positive
F, 0.6, 0.475, 0.18, 1.1805, 0.4345, 0.2475, 0.425, positive
M, 0.59, 0.475, 0.16, 0.9455, 0.3815, 0.184, 0.27, positive
M, 0.695, 0.57, 0.23, 1.885, 0.8665, 0.435, 0.5, positive
M, 0.54, 0.41, 0.145, 0.989, 0.2815, 0.213, 0.355, positive
F, 0.69, 0.555, 0.205, 1.8165, 0.7785, 0.4395, 0.515, positive
F, 0.705, 0.555, 0.2, 1.4685, 0.4715, 0.3235, 0.52, positive
F, 0.58, 0.44, 0.175, 1.073, 0.4005, 0.2345, 0.335, positive
M, 0.54, 0.405, 0.155, 0.9715, 0.3225, 0.194, 0.29, positive
M, 0.545, 0.435, 0.165, 0.9955, 0.3245, 0.2665, 0.325, positive
M, 0.645, 0.515, 0.185, 1.4605, 0.5835, 0.3155, 0.41, positive
M, 0.525, 0.395, 0.165, 0.782, 0.285, 0.1405, 0.285, positive
I, 0.52, 0.39, 0.14, 0.7325, 0.2415, 0.144, 0.26, positive
F, 0.55, 0.44, 0.15, 0.8945, 0.3145, 0.151, 0.32, positive
F, 0.53, 0.41, 0.165, 0.8115, 0.24, 0.169, 0.24, positive
M, 0.69, 0.55, 0.2, 1.8465, 0.732, 0.472, 0.57, positive
M, 0.44, 0.365, 0.125, 0.516, 0.2155, 0.114, 0.155, negative
M, 0.43, 0.35, 0.11, 0.406, 0.1675, 0.081, 0.135, negative
F, 0.535, 0.405, 0.145, 0.6845, 0.2725, 0.171, 0.205, negative
F, 0.47, 0.355, 0.1, 0.4755, 0.1675, 0.0805, 0.185, negative
F, 0.44, 0.34, 0.1, 0.451, 0.188, 0.087, 0.13, negative
I, 0.38, 0.275, 0.1, 0.2255, 0.08, 0.049, 0.085, negative
M, 0.58, 0.47, 0.165, 0.9975, 0.3935, 0.242, 0.33, negative
M, 0.485, 0.36, 0.13, 0.5415, 0.2595, 0.096, 0.16, negative
F, 0.47, 0.36, 0.12, 0.4775, 0.2105, 0.1055, 0.15, negative
F, 0.53, 0.41, 0.13, 0.6965, 0.302, 0.1935, 0.2, negative
F, 0.475, 0.39, 0.12, 0.5305, 0.2135, 0.1155, 0.17, negative
F, 0.6, 0.47, 0.15, 0.922, 0.363, 0.194, 0.305, negative
M, 0.56, 0.44, 0.16, 0.8645, 0.3305, 0.2075, 0.26, negative
F, 0.625, 0.495, 0.165, 1.262, 0.507, 0.318, 0.39, negative
F, 0.475, 0.375, 0.125, 0.5785, 0.2775, 0.085, 0.155, negative
F, 0.5, 0.4, 0.125, 0.6675, 0.261, 0.1315, 0.22, negative
M, 0.44, 0.34, 0.105, 0.402, 0.1305, 0.0955, 0.165, negative
F, 0.565, 0.445, 0.155, 0.826, 0.341, 0.2055, 0.2475, negative
F, 0.55, 0.45, 0.145, 0.741, 0.295, 0.1435, 0.2665, negative
M, 0.475, 0.375, 0.13, 0.5175, 0.2075, 0.1165, 0.17, negative
F, 0.49, 0.38, 0.125, 0.549, 0.245, 0.1075, 0.174, negative
M, 0.46, 0.35, 0.12, 0.515, 0.224, 0.108, 0.1565, negative
F, 0.635, 0.515, 0.19, 1.3715, 0.5065, 0.305, 0.45, negative
F, 0.605, 0.485, 0.16, 1.0565, 0.37, 0.2355, 0.355, negative
M, 0.515, 0.405, 0.13, 0.722, 0.32, 0.131, 0.21, negative
F, 0.56, 0.45, 0.16, 1.0235, 0.429, 0.268, 0.3, negative
F, 0.62, 0.475, 0.175, 1.0165, 0.4355, 0.214, 0.325, negative
F, 0.63, 0.5, 0.185, 1.383, 0.54, 0.3315, 0.38, negative
F, 0.51, 0.4, 0.14, 0.8145, 0.459, 0.1965, 0.195, negative
M, 0.585, 0.46, 0.185, 0.922, 0.3635, 0.213, 0.285, negative
F, 0.49, 0.365, 0.145, 0.6345, 0.1995, 0.1625, 0.22, negative
M, 0.47, 0.36, 0.135, 0.501, 0.1665, 0.115, 0.165, negative
I, 0.425, 0.38, 0.105, 0.3265, 0.1285, 0.0785, 0.1, negative
I, 0.35, 0.26, 0.085, 0.174, 0.0705, 0.0345, 0.06, negative
M, 0.545, 0.46, 0.16, 0.8975, 0.341, 0.1655, 0.345, negative
F, 0.535, 0.415, 0.17, 0.879, 0.295, 0.1965, 0.285, negative
M, 0.53, 0.435, 0.155, 0.699, 0.288, 0.1595, 0.205, negative
F, 0.535, 0.435, 0.16, 0.8105, 0.3155, 0.1795, 0.24, negative
M, 0.57, 0.435, 0.145, 0.9055, 0.3925, 0.2355, 0.275, negative
M, 0.45, 0.35, 0.1, 0.3675, 0.1465, 0.1015, 0.12, negative
F, 0.58, 0.455, 0.12, 1.0735, 0.479, 0.2735, 0.265, negative
F, 0.585, 0.45, 0.16, 1.077, 0.4995, 0.2875, 0.25, negative
M, 0.535, 0.42, 0.145, 0.791, 0.33, 0.189, 0.25, negative
M, 0.545, 0.425, 0.135, 0.8445, 0.373, 0.21, 0.235, negative
M, 0.46, 0.38, 0.135, 0.482, 0.207, 0.1225, 0.145, negative
I, 0.415, 0.325, 0.1, 0.3215, 0.1535, 0.0595, 0.105, negative
M, 0.475, 0.375, 0.125, 0.593, 0.277, 0.115, 0.18, negative
F, 0.47, 0.375, 0.125, 0.5615, 0.252, 0.137, 0.18, negative
F, 0.5, 0.395, 0.14, 0.7155, 0.3165, 0.176, 0.24, negative
F, 0.515, 0.415, 0.14, 0.6935, 0.3115, 0.152, 0.2, negative
I, 0.36, 0.275, 0.11, 0.2335, 0.095, 0.0525, 0.085, negative
I, 0.395, 0.295, 0.1, 0.2715, 0.134, 0.0325, 0.085, negative
F, 0.41, 0.325, 0.105, 0.3635, 0.159, 0.077, 0.12, negative
I, 0.415, 0.31, 0.11, 0.2965, 0.123, 0.057, 0.0995, negative
F, 0.515, 0.405, 0.12, 0.646, 0.2895, 0.1405, 0.177, negative
F, 0.545, 0.415, 0.16, 0.7715, 0.272, 0.1455, 0.2765, negative
M, 0.555, 0.45, 0.175, 0.874, 0.3275, 0.202, 0.305, negative
I, 0.68, 0.53, 0.185, 1.1095, 0.439, 0.245, 0.34, negative
F, 0.49, 0.38, 0.145, 0.6725, 0.249, 0.181, 0.21, negative
I, 0.47, 0.37, 0.14, 0.4985, 0.2095, 0.1225, 0.145, negative
F, 0.375, 0.29, 0.115, 0.2705, 0.093, 0.066, 0.0885, negative
F, 0.38, 0.29, 0.105, 0.257, 0.099, 0.051, 0.085, negative
I, 0.5, 0.385, 0.15, 0.6265, 0.2605, 0.1665, 0.16, negative
M, 0.35, 0.255, 0.065, 0.179, 0.0705, 0.0385, 0.06, negative
I, 0.61, 0.475, 0.15, 0.9665, 0.4145, 0.2, 0.345, negative
I, 0.56, 0.425, 0.14, 0.9175, 0.4005, 0.1975, 0.26, negative
F, 0.585, 0.435, 0.175, 0.982, 0.4055, 0.2495, 0.27, negative
I, 0.52, 0.425, 0.17, 0.6805, 0.28, 0.174, 0.195, negative
F, 0.385, 0.315, 0.11, 0.286, 0.1225, 0.0635, 0.0835, negative
I, 0.485, 0.37, 0.13, 0.458, 0.181, 0.113, 0.136, negative
M, 0.37, 0.285, 0.1, 0.228, 0.0675, 0.0675, 0.081, negative
M, 0.345, 0.255, 0.08, 0.169, 0.06, 0.0425, 0.054, negative
F, 0.425, 0.335, 0.095, 0.322, 0.1205, 0.061, 0.125, negative
M, 0.34, 0.265, 0.085, 0.1835, 0.077, 0.046, 0.065, negative
M, 0.46, 0.365, 0.125, 0.467, 0.1895, 0.0945, 0.158, negative
F, 0.37, 0.28, 0.11, 0.2305, 0.0945, 0.0465, 0.075, negative
F, 0.415, 0.34, 0.13, 0.3675, 0.146, 0.0885, 0.12, negative
F, 0.395, 0.295, 0.095, 0.2245, 0.078, 0.054, 0.08, negative
M, 0.485, 0.37, 0.14, 0.5725, 0.204, 0.1415, 0.175, negative
M, 0.51, 0.4, 0.14, 0.6515, 0.2455, 0.1665, 0.185, negative
M, 0.5, 0.375, 0.15, 0.636, 0.2535, 0.145, 0.19, negative
M, 0.415, 0.325, 0.14, 0.417, 0.1535, 0.1015, 0.144, negative
F, 0.345, 0.26, 0.09, 0.207, 0.0775, 0.0435, 0.0765, negative
M, 0.36, 0.295, 0.13, 0.2765, 0.0895, 0.057, 0.1005, negative
M, 0.4, 0.305, 0.085, 0.297, 0.108, 0.0705, 0.1, negative
M, 0.51, 0.39, 0.125, 0.6565, 0.262, 0.1835, 0.175, negative
M, 0.445, 0.345, 0.09, 0.3795, 0.143, 0.074, 0.125, negative
M, 0.485, 0.355, 0.12, 0.547, 0.215, 0.1615, 0.14, negative
M, 0.49, 0.38, 0.14, 0.7605, 0.245, 0.167, 0.185, negative
M, 0.515, 0.435, 0.145, 0.8815, 0.292, 0.206, 0.255, negative
F, 0.57, 0.465, 0.16, 0.8935, 0.3145, 0.2575, 0.263, negative
M, 0.46, 0.34, 0.135, 0.495, 0.1655, 0.117, 0.185, negative
M, 0.45, 0.335, 0.125, 0.349, 0.119, 0.1055, 0.115, negative
M, 0.515, 0.38, 0.135, 0.6615, 0.2875, 0.2095, 0.155, negative
F, 0.44, 0.34, 0.13, 0.4195, 0.153, 0.1155, 0.13, negative
F, 0.545, 0.44, 0.135, 0.9185, 0.429, 0.2015, 0.2375, negative
M, 0.55, 0.45, 0.15, 1.0145, 0.407, 0.2015, 0.2875, negative
M, 0.565, 0.45, 0.155, 1.0595, 0.4735, 0.24, 0.265, negative
M, 0.57, 0.435, 0.13, 0.7535, 0.349, 0.1755, 0.194, negative
F, 0.595, 0.48, 0.15, 1.11, 0.498, 0.228, 0.33, negative
F, 0.6, 0.475, 0.155, 1.21, 0.653, 0.1695, 0.3205, negative
F, 0.605, 0.475, 0.175, 1.382, 0.609, 0.2325, 0.3985, negative
F, 0.615, 0.52, 0.15, 1.3435, 0.629, 0.2605, 0.345, negative
F, 0.635, 0.5, 0.15, 1.376, 0.6495, 0.361, 0.31, negative
F, 0.67, 0.585, 0.16, 1.309, 0.5445, 0.2945, 0.413, negative
M, 0.57, 0.45, 0.155, 1.195, 0.5625, 0.2565, 0.295, negative
M, 0.57, 0.45, 0.155, 1.1935, 0.513, 0.21, 0.343, negative
M, 0.58, 0.455, 0.15, 1.012, 0.4985, 0.2115, 0.2835, negative
M, 0.61, 0.475, 0.155, 1.168, 0.554, 0.239, 0.3295, negative
F, 0.625, 0.48, 0.17, 1.3525, 0.6235, 0.278, 0.365, negative
M, 0.625, 0.49, 0.175, 1.3325, 0.5705, 0.271, 0.405, negative
F, 0.625, 0.475, 0.175, 1.1435, 0.4755, 0.2475, 0.349, negative
M, 0.635, 0.525, 0.185, 1.4065, 0.684, 0.3, 0.3745, negative
M, 0.64, 0.505, 0.155, 1.4025, 0.705, 0.2655, 0.335, negative
F, 0.64, 0.5, 0.175, 1.394, 0.4935, 0.291, 0.4, negative
F, 0.645, 0.5, 0.155, 1.2205, 0.6145, 0.236, 0.3185, negative
F, 0.645, 0.5, 0.16, 1.2465, 0.5475, 0.327, 0.3, negative
F, 0.645, 0.515, 0.15, 1.212, 0.515, 0.2055, 0.385, negative
M, 0.65, 0.525, 0.185, 1.622, 0.6645, 0.3225, 0.477, negative
F, 0.655, 0.51, 0.175, 1.6525, 0.8515, 0.3365, 0.403, negative
M, 0.66, 0.495, 0.195, 1.6275, 0.594, 0.3595, 0.485, negative
F, 0.675, 0.57, 0.225, 1.587, 0.739, 0.2995, 0.435, negative
M, 0.69, 0.505, 0.2, 1.872, 0.893, 0.4015, 0.48, negative
F, 0.695, 0.535, 0.175, 1.8385, 0.8035, 0.396, 0.503, negative
M, 0.715, 0.565, 0.175, 1.9525, 0.7645, 0.4185, 0.4135, negative
I, 0.54, 0.42, 0.14, 0.6665, 0.3125, 0.138, 0.1895, negative
M, 0.55, 0.425, 0.15, 0.8315, 0.411, 0.1765, 0.2165, negative
F, 0.575, 0.45, 0.16, 1.068, 0.556, 0.214, 0.2575, negative
I, 0.575, 0.435, 0.13, 0.805, 0.3155, 0.2155, 0.245, negative
M, 0.6, 0.465, 0.155, 1.0165, 0.512, 0.2465, 0.225, negative
M, 0.605, 0.48, 0.17, 1.1835, 0.582, 0.2365, 0.317, negative
M, 0.615, 0.46, 0.17, 1.0565, 0.4815, 0.272, 0.27, negative
M, 0.64, 0.515, 0.165, 1.369, 0.632, 0.3415, 0.358, negative
F, 0.645, 0.48, 0.17, 1.1345, 0.528, 0.254, 0.305, negative
F, 0.655, 0.51, 0.175, 1.415, 0.5885, 0.3725, 0.364, negative
M, 0.685, 0.52, 0.165, 1.519, 0.699, 0.3685, 0.4, negative
M, 0.695, 0.56, 0.185, 1.74, 0.885, 0.3715, 0.4375, negative
M, 0.715, 0.535, 0.19, 1.6755, 0.889, 0.313, 0.42, negative
F, 0.72, 0.58, 0.195, 2.103, 1.0265, 0.48, 0.5375, negative
F, 0.72, 0.55, 0.2, 1.9965, 0.9035, 0.469, 0.5215, negative
I, 0.52, 0.4, 0.13, 0.5825, 0.233, 0.1365, 0.18, negative
I, 0.53, 0.42, 0.155, 0.81, 0.4725, 0.111, 0.192, negative
F, 0.54, 0.42, 0.145, 0.8655, 0.4315, 0.163, 0.2175, negative
I, 0.545, 0.43, 0.15, 0.7285, 0.302, 0.1315, 0.2545, negative
I, 0.55, 0.435, 0.14, 0.7535, 0.3285, 0.1555, 0.2325, negative
I, 0.555, 0.43, 0.155, 0.7395, 0.3135, 0.1435, 0.28, negative
F, 0.56, 0.445, 0.155, 1.224, 0.5565, 0.3225, 0.2695, negative
I, 0.57, 0.45, 0.145, 0.751, 0.2825, 0.2195, 0.2215, negative
M, 0.57, 0.435, 0.17, 0.873, 0.382, 0.183, 0.2705, negative
I, 0.57, 0.44, 0.13, 0.7665, 0.347, 0.1785, 0.202, negative
F, 0.575, 0.42, 0.135, 0.857, 0.461, 0.147, 0.2125, negative
M, 0.58, 0.46, 0.155, 1.4395, 0.6715, 0.273, 0.2955, negative
M, 0.58, 0.455, 0.135, 0.7955, 0.405, 0.167, 0.204, negative
I, 0.585, 0.475, 0.16, 1.0505, 0.48, 0.234, 0.285, negative
M, 0.585, 0.46, 0.165, 1.1135, 0.5825, 0.2345, 0.274, negative
M, 0.585, 0.47, 0.165, 1.409, 0.8, 0.229, 0.295, negative
M, 0.585, 0.475, 0.15, 1.065, 0.5315, 0.199, 0.2885, negative
M, 0.59, 0.455, 0.155, 0.8855, 0.388, 0.188, 0.275, negative
F, 0.595, 0.465, 0.15, 0.98, 0.4115, 0.196, 0.2255, negative
M, 0.6, 0.475, 0.17, 1.1315, 0.508, 0.272, 0.309, negative
F, 0.6, 0.455, 0.145, 0.8895, 0.419, 0.1715, 0.269, negative
M, 0.605, 0.49, 0.14, 0.9755, 0.419, 0.206, 0.315, negative
M, 0.61, 0.45, 0.15, 0.871, 0.407, 0.1835, 0.25, negative
M, 0.61, 0.475, 0.17, 1.0265, 0.435, 0.2335, 0.3035, negative
M, 0.61, 0.48, 0.17, 1.137, 0.4565, 0.29, 0.347, negative
M, 0.61, 0.46, 0.16, 1.0, 0.494, 0.197, 0.275, negative
F, 0.615, 0.475, 0.155, 1.004, 0.4475, 0.193, 0.2895, negative
M, 0.615, 0.47, 0.165, 1.128, 0.4465, 0.2195, 0.34, negative
M, 0.615, 0.5, 0.17, 1.054, 0.4845, 0.228, 0.295, negative
F, 0.615, 0.475, 0.155, 1.115, 0.484, 0.2115, 0.355, negative
M, 0.62, 0.51, 0.175, 1.2815, 0.5715, 0.2385, 0.39, negative
F, 0.62, 0.475, 0.16, 1.1295, 0.463, 0.2685, 0.33, negative
I, 0.63, 0.475, 0.145, 1.0605, 0.5165, 0.2195, 0.28, negative
M, 0.635, 0.49, 0.16, 1.101, 0.534, 0.1865, 0.3455, negative
M, 0.635, 0.475, 0.17, 1.1935, 0.5205, 0.2695, 0.3665, negative
M, 0.64, 0.525, 0.18, 1.3135, 0.4865, 0.2995, 0.4075, negative
M, 0.645, 0.5, 0.195, 1.401, 0.6165, 0.3515, 0.3725, negative
F, 0.65, 0.51, 0.17, 1.567, 0.7245, 0.349, 0.391, negative
F, 0.655, 0.525, 0.19, 1.3595, 0.564, 0.3215, 0.3985, negative
F, 0.655, 0.52, 0.19, 1.4545, 0.6, 0.3865, 0.383, negative
M, 0.655, 0.49, 0.175, 1.3585, 0.6395, 0.294, 0.365, negative
F, 0.66, 0.495, 0.21, 1.548, 0.724, 0.3525, 0.3925, negative
F, 0.66, 0.515, 0.17, 1.337, 0.615, 0.3125, 0.3575, negative
F, 0.665, 0.53, 0.18, 1.491, 0.6345, 0.342, 0.435, negative
F, 0.67, 0.505, 0.175, 1.0145, 0.4375, 0.271, 0.3745, negative
M, 0.625, 0.52, 0.175, 1.4105, 0.691, 0.322, 0.3465, negative
F, 0.63, 0.5, 0.175, 1.1105, 0.467, 0.268, 0.329, negative
F, 0.63, 0.49, 0.225, 1.336, 0.6805, 0.259, 0.3245, negative
F, 0.635, 0.505, 0.145, 1.1345, 0.505, 0.2655, 0.315, negative
F, 0.645, 0.515, 0.175, 1.546, 0.7035, 0.365, 0.415, negative
F, 0.65, 0.545, 0.175, 1.5245, 0.59, 0.326, 0.495, negative
M, 0.65, 0.515, 0.175, 1.466, 0.677, 0.3045, 0.4, negative
M, 0.66, 0.505, 0.165, 1.374, 0.589, 0.351, 0.345, negative
F, 0.665, 0.515, 0.18, 1.389, 0.5945, 0.324, 0.395, negative
M, 0.67, 0.5, 0.19, 1.519, 0.616, 0.388, 0.415, negative
M, 0.705, 0.56, 0.165, 1.675, 0.797, 0.4095, 0.388, negative
I, 0.455, 0.36, 0.115, 0.457, 0.2085, 0.0855, 0.147, negative
I, 0.53, 0.43, 0.135, 0.6255, 0.245, 0.1455, 0.2135, negative
M, 0.54, 0.455, 0.14, 0.972, 0.419, 0.255, 0.269, negative
I, 0.54, 0.425, 0.13, 0.7205, 0.2955, 0.169, 0.225, negative
M, 0.55, 0.435, 0.14, 0.7625, 0.327, 0.1685, 0.259, negative
I, 0.56, 0.445, 0.15, 0.8225, 0.3685, 0.187, 0.236, negative
M, 0.56, 0.425, 0.135, 0.849, 0.3265, 0.221, 0.2645, negative
M, 0.565, 0.43, 0.15, 0.831, 0.4245, 0.1735, 0.219, negative
I, 0.57, 0.43, 0.145, 0.833, 0.354, 0.144, 0.2815, negative
I, 0.575, 0.425, 0.135, 0.7965, 0.364, 0.196, 0.239, negative
F, 0.575, 0.47, 0.155, 1.116, 0.509, 0.238, 0.34, negative
M, 0.575, 0.47, 0.185, 0.985, 0.3745, 0.2175, 0.355, negative
I, 0.575, 0.45, 0.135, 0.807, 0.3615, 0.176, 0.254, negative
M, 0.58, 0.46, 0.155, 1.0335, 0.469, 0.2225, 0.295, negative
M, 0.58, 0.43, 0.13, 0.798, 0.365, 0.173, 0.2285, negative
F, 0.585, 0.445, 0.14, 0.913, 0.4305, 0.2205, 0.253, negative
M, 0.59, 0.49, 0.165, 1.207, 0.559, 0.235, 0.309, negative
I, 0.59, 0.45, 0.145, 1.022, 0.428, 0.268, 0.265, negative
M, 0.595, 0.45, 0.14, 0.838, 0.3965, 0.194, 0.217, negative
M, 0.595, 0.45, 0.145, 0.959, 0.463, 0.2065, 0.2535, negative
F, 0.6, 0.48, 0.18, 1.0645, 0.4495, 0.2455, 0.325, negative
M, 0.6, 0.47, 0.16, 1.194, 0.5625, 0.3045, 0.2635, negative
M, 0.61, 0.475, 0.155, 0.983, 0.4565, 0.228, 0.266, negative
F, 0.61, 0.465, 0.16, 1.0725, 0.4835, 0.2515, 0.28, negative
F, 0.61, 0.475, 0.16, 1.1155, 0.3835, 0.223, 0.379, negative
M, 0.615, 0.47, 0.16, 1.0175, 0.473, 0.2395, 0.28, negative
I, 0.62, 0.45, 0.135, 0.924, 0.358, 0.2265, 0.2965, negative
M, 0.625, 0.475, 0.16, 1.0845, 0.5005, 0.2355, 0.3105, negative
F, 0.625, 0.485, 0.175, 1.362, 0.6765, 0.2615, 0.3705, negative
F, 0.635, 0.49, 0.175, 1.2435, 0.5805, 0.313, 0.305, negative
F, 0.64, 0.505, 0.165, 1.2235, 0.5215, 0.2695, 0.36, negative
M, 0.645, 0.505, 0.15, 1.1605, 0.519, 0.2615, 0.335, negative
M, 0.645, 0.51, 0.195, 1.226, 0.5885, 0.2215, 0.3745, negative
M, 0.645, 0.5, 0.175, 1.3375, 0.554, 0.308, 0.415, negative
F, 0.645, 0.51, 0.19, 1.363, 0.573, 0.362, 0.36, negative
M, 0.655, 0.55, 0.18, 1.274, 0.586, 0.281, 0.365, negative
M, 0.66, 0.53, 0.195, 1.5505, 0.6505, 0.3295, 0.495, negative
F, 0.67, 0.55, 0.155, 1.566, 0.858, 0.339, 0.354, negative
F, 0.675, 0.51, 0.195, 1.382, 0.6045, 0.3175, 0.3965, negative
M, 0.68, 0.52, 0.195, 1.4535, 0.592, 0.391, 0.4125, negative
F, 0.71, 0.54, 0.205, 1.5805, 0.802, 0.287, 0.435, negative
I, 0.465, 0.325, 0.14, 0.7615, 0.362, 0.1535, 0.209, negative
M, 0.525, 0.365, 0.17, 0.9605, 0.438, 0.2225, 0.276, negative
F, 0.545, 0.415, 0.2, 1.358, 0.567, 0.318, 0.403, negative
F, 0.55, 0.38, 0.165, 1.205, 0.543, 0.294, 0.3345, negative
M, 0.55, 0.42, 0.16, 1.3405, 0.6325, 0.311, 0.344, negative
M, 0.575, 0.44, 0.185, 1.025, 0.5075, 0.2245, 0.2485, negative
I, 0.575, 0.45, 0.13, 0.8145, 0.403, 0.1715, 0.213, negative
F, 0.58, 0.43, 0.17, 1.48, 0.6535, 0.324, 0.4155, negative
M, 0.585, 0.455, 0.145, 0.953, 0.3945, 0.2685, 0.258, negative
M, 0.605, 0.475, 0.15, 1.15, 0.575, 0.232, 0.297, negative
F, 0.615, 0.455, 0.145, 1.1155, 0.5045, 0.238, 0.315, negative
M, 0.62, 0.47, 0.145, 1.0865, 0.511, 0.2715, 0.2565, negative
F, 0.635, 0.475, 0.15, 1.1845, 0.533, 0.307, 0.291, negative
M, 0.65, 0.485, 0.16, 1.7395, 0.5715, 0.2785, 0.3075, negative
M, 0.655, 0.545, 0.19, 1.4245, 0.6325, 0.333, 0.378, negative
F, 0.695, 0.55, 0.185, 1.679, 0.805, 0.4015, 0.3965, negative
F, 0.51, 0.4, 0.12, 0.7005, 0.347, 0.1105, 0.195, negative
I, 0.515, 0.415, 0.135, 0.7125, 0.285, 0.152, 0.245, negative
I, 0.515, 0.42, 0.15, 0.6725, 0.2555, 0.1335, 0.235, negative
I, 0.52, 0.385, 0.115, 0.581, 0.2555, 0.156, 0.143, negative
I, 0.545, 0.425, 0.14, 0.8145, 0.305, 0.231, 0.244, negative
I, 0.55, 0.435, 0.14, 0.7995, 0.295, 0.1905, 0.238, negative
M, 0.575, 0.435, 0.135, 0.992, 0.432, 0.2225, 0.239, negative
F, 0.58, 0.5, 0.165, 0.925, 0.37, 0.185, 0.3005, negative
M, 0.58, 0.44, 0.15, 1.0465, 0.518, 0.2185, 0.2795, negative
I, 0.58, 0.44, 0.145, 0.7905, 0.3525, 0.1645, 0.242, negative
M, 0.595, 0.455, 0.15, 0.886, 0.4315, 0.201, 0.223, negative
M, 0.6, 0.475, 0.15, 0.99, 0.386, 0.2195, 0.3105, negative
M, 0.605, 0.47, 0.18, 1.1155, 0.479, 0.2565, 0.321, negative
F, 0.61, 0.46, 0.145, 1.1185, 0.478, 0.2945, 0.2985, negative
M, 0.625, 0.505, 0.185, 1.1565, 0.52, 0.2405, 0.3535, negative
M, 0.635, 0.515, 0.165, 1.229, 0.5055, 0.2975, 0.3535, negative
F, 0.64, 0.515, 0.165, 1.3115, 0.4945, 0.2555, 0.41, negative
I, 0.64, 0.49, 0.135, 1.1, 0.488, 0.2505, 0.2925, negative
I, 0.65, 0.52, 0.15, 1.238, 0.5495, 0.296, 0.3305, negative
F, 0.66, 0.535, 0.205, 1.4415, 0.5925, 0.2775, 0.49, negative
F, 0.665, 0.5, 0.15, 1.2475, 0.4625, 0.2955, 0.3595, negative
M, 0.68, 0.54, 0.155, 1.534, 0.671, 0.379, 0.384, negative
M, 0.685, 0.535, 0.155, 1.3845, 0.6615, 0.2145, 0.4075, negative
F, 0.705, 0.535, 0.22, 1.866, 0.929, 0.3835, 0.4395, negative
M, 0.47, 0.365, 0.135, 0.522, 0.2395, 0.1525, 0.145, negative
I, 0.47, 0.375, 0.105, 0.441, 0.167, 0.0865, 0.145, negative
M, 0.505, 0.385, 0.115, 0.4825, 0.21, 0.1035, 0.1535, negative
F, 0.55, 0.47, 0.15, 0.9205, 0.381, 0.2435, 0.2675, negative
F, 0.57, 0.435, 0.15, 0.8295, 0.3875, 0.156, 0.245, negative
M, 0.59, 0.465, 0.165, 1.115, 0.5165, 0.273, 0.275, negative
M, 0.61, 0.49, 0.16, 1.112, 0.465, 0.228, 0.341, negative
F, 0.54, 0.385, 0.14, 0.7655, 0.3265, 0.116, 0.2365, negative
F, 0.6, 0.47, 0.19, 1.1345, 0.492, 0.2595, 0.3375, negative
F, 0.665, 0.525, 0.21, 1.644, 0.818, 0.3395, 0.4275, negative
F, 0.71, 0.5, 0.15, 1.3165, 0.6835, 0.2815, 0.28, negative
F, 0.73, 0.555, 0.18, 1.6895, 0.6555, 0.1965, 0.4935, negative
F, 0.4, 0.31, 0.115, 0.3465, 0.1475, 0.0695, 0.115, negative
I, 0.37, 0.29, 0.1, 0.25, 0.1025, 0.0505, 0.085, negative
M, 0.585, 0.48, 0.185, 1.04, 0.434, 0.265, 0.285, negative
F, 0.5, 0.4, 0.125, 0.5765, 0.2395, 0.126, 0.185, negative
F, 0.52, 0.41, 0.125, 0.6985, 0.2945, 0.1625, 0.215, negative
F, 0.59, 0.455, 0.175, 0.966, 0.391, 0.2455, 0.31, negative
F, 0.45, 0.36, 0.125, 0.5065, 0.222, 0.105, 0.16, negative
M, 0.47, 0.37, 0.105, 0.4665, 0.2025, 0.1015, 0.155, negative
M, 0.445, 0.355, 0.11, 0.4415, 0.1805, 0.1035, 0.1505, negative
M, 0.595, 0.465, 0.125, 0.799, 0.3245, 0.2, 0.23, negative
F, 0.49, 0.37, 0.14, 0.585, 0.243, 0.115, 0.195, negative
I, 0.405, 0.305, 0.105, 0.3625, 0.1565, 0.0705, 0.125, negative
F, 0.455, 0.35, 0.14, 0.5725, 0.1965, 0.1325, 0.175, negative
M, 0.465, 0.36, 0.13, 0.5265, 0.2105, 0.1185, 0.165, negative
F, 0.38, 0.325, 0.11, 0.3105, 0.12, 0.074, 0.105, negative
M, 0.55, 0.46, 0.175, 0.869, 0.3155, 0.1825, 0.32, negative
M, 0.525, 0.405, 0.135, 0.7575, 0.3305, 0.216, 0.195, negative
F, 0.495, 0.385, 0.13, 0.6905, 0.3125, 0.179, 0.175, negative
F, 0.58, 0.475, 0.155, 0.974, 0.4305, 0.23, 0.285, negative
F, 0.52, 0.415, 0.145, 0.8045, 0.3325, 0.1725, 0.285, negative
F, 0.48, 0.405, 0.13, 0.6375, 0.277, 0.1445, 0.21, negative
I, 0.4, 0.31, 0.1, 0.2875, 0.1145, 0.0635, 0.095, negative
F, 0.415, 0.305, 0.105, 0.3605, 0.12, 0.082, 0.1, negative
M, 0.34, 0.275, 0.09, 0.2065, 0.0725, 0.043, 0.07, negative
F, 0.36, 0.265, 0.09, 0.2165, 0.096, 0.037, 0.0735, negative
I, 0.515, 0.375, 0.14, 0.6505, 0.2495, 0.141, 0.2215, negative
M, 0.37, 0.29, 0.09, 0.241, 0.11, 0.045, 0.069, negative
M, 0.33, 0.25, 0.09, 0.197, 0.085, 0.041, 0.0605, negative
M, 0.29, 0.225, 0.08, 0.1295, 0.0535, 0.026, 0.045, negative
F, 0.58, 0.46, 0.185, 1.017, 0.3515, 0.2, 0.32, negative
F, 0.505, 0.375, 0.115, 0.5895, 0.2635, 0.12, 0.167, negative
M, 0.4, 0.315, 0.105, 0.287, 0.1135, 0.037, 0.113, negative
F, 0.465, 0.36, 0.12, 0.4765, 0.192, 0.1125, 0.16, negative
F, 0.41, 0.315, 0.11, 0.321, 0.1255, 0.0655, 0.095, negative
F, 0.53, 0.385, 0.125, 0.6695, 0.289, 0.151, 0.18, negative
M, 0.54, 0.415, 0.17, 0.879, 0.339, 0.208, 0.255, negative
F, 0.42, 0.33, 0.125, 0.463, 0.186, 0.11, 0.145, negative
M, 0.35, 0.26, 0.09, 0.198, 0.0725, 0.056, 0.06, negative
F, 0.515, 0.395, 0.165, 0.7565, 0.1905, 0.17, 0.3205, negative
I, 0.475, 0.365, 0.12, 0.53, 0.2505, 0.0975, 0.1625, negative
M, 0.595, 0.49, 0.185, 1.185, 0.482, 0.2015, 0.361, negative
M, 0.605, 0.475, 0.175, 1.201, 0.5395, 0.275, 0.309, negative
F, 0.625, 0.49, 0.155, 1.33, 0.6675, 0.259, 0.33, negative
M, 0.63, 0.5, 0.185, 1.362, 0.5785, 0.3125, 0.384, negative
F, 0.7, 0.525, 0.19, 1.6015, 0.707, 0.365, 0.43, negative
F, 0.73, 0.57, 0.165, 2.0165, 1.0685, 0.418, 0.435, negative
F, 0.615, 0.485, 0.16, 1.1575, 0.5005, 0.2495, 0.315, negative
F, 0.615, 0.5, 0.165, 1.327, 0.6, 0.3015, 0.355, negative
M, 0.625, 0.48, 0.17, 1.3555, 0.671, 0.268, 0.3385, negative
F, 0.695, 0.55, 0.155, 1.8495, 0.767, 0.442, 0.4175, negative
F, 0.705, 0.56, 0.205, 2.381, 0.9915, 0.5005, 0.624, negative
M, 0.77, 0.6, 0.215, 2.1945, 1.0515, 0.482, 0.584, negative
M, 0.6, 0.49, 0.21, 1.9875, 1.005, 0.419, 0.491, negative
M, 0.615, 0.475, 0.175, 1.103, 0.4635, 0.3095, 0.2725, negative
M, 0.62, 0.48, 0.15, 1.1015, 0.4965, 0.243, 0.305, negative
M, 0.63, 0.51, 0.175, 1.3415, 0.6575, 0.262, 0.375, negative
F, 0.65, 0.535, 0.175, 1.2895, 0.6095, 0.2765, 0.344, negative
M, 0.66, 0.515, 0.165, 1.4465, 0.694, 0.298, 0.3755, negative
M, 0.7, 0.525, 0.175, 1.7585, 0.8745, 0.3615, 0.47, negative
I, 0.49, 0.365, 0.125, 0.5585, 0.252, 0.126, 0.1615, negative
F, 0.525, 0.415, 0.15, 0.7055, 0.329, 0.147, 0.199, negative
M, 0.535, 0.43, 0.155, 0.7845, 0.3285, 0.169, 0.245, negative
I, 0.55, 0.43, 0.145, 0.712, 0.3025, 0.152, 0.225, negative
I, 0.55, 0.425, 0.145, 0.89, 0.4325, 0.171, 0.236, negative
I, 0.55, 0.425, 0.135, 0.656, 0.257, 0.17, 0.203, negative
I, 0.56, 0.44, 0.14, 0.825, 0.402, 0.139, 0.245, negative
F, 0.57, 0.445, 0.155, 1.017, 0.5265, 0.2025, 0.265, negative
M, 0.58, 0.44, 0.175, 1.2255, 0.5405, 0.2705, 0.3265, negative
I, 0.585, 0.46, 0.145, 0.8465, 0.339, 0.167, 0.295, negative
M, 0.585, 0.465, 0.165, 0.885, 0.4025, 0.1625, 0.274, negative
M, 0.59, 0.475, 0.14, 0.977, 0.4625, 0.2025, 0.275, negative
M, 0.595, 0.475, 0.14, 1.0305, 0.4925, 0.217, 0.278, negative
M, 0.61, 0.48, 0.185, 1.3065, 0.6895, 0.2915, 0.29, negative
F, 0.615, 0.46, 0.15, 1.0265, 0.4935, 0.201, 0.2745, negative
F, 0.62, 0.48, 0.165, 1.0125, 0.5325, 0.4365, 0.324, negative
M, 0.625, 0.5, 0.14, 1.096, 0.5445, 0.2165, 0.295, negative
M, 0.625, 0.49, 0.165, 1.205, 0.5175, 0.3105, 0.3465, negative
F, 0.63, 0.475, 0.155, 1.0005, 0.452, 0.252, 0.265, negative
M, 0.63, 0.525, 0.195, 1.3135, 0.4935, 0.2565, 0.465, negative
M, 0.64, 0.485, 0.15, 1.098, 0.5195, 0.222, 0.3175, negative
M, 0.64, 0.495, 0.17, 1.139, 0.5395, 0.282, 0.285, negative
M, 0.64, 0.515, 0.08, 1.042, 0.515, 0.1755, 0.175, negative
M, 0.72, 0.55, 0.205, 2.165, 1.1055, 0.525, 0.404, negative
F, 0.59, 0.455, 0.15, 0.976, 0.465, 0.2055, 0.2765, negative
M, 0.6, 0.45, 0.16, 1.142, 0.539, 0.225, 0.307, negative
M, 0.605, 0.475, 0.19, 1.1255, 0.59, 0.247, 0.26, negative
F, 0.62, 0.48, 0.17, 1.1045, 0.535, 0.25, 0.287, negative
M, 0.625, 0.475, 0.175, 1.3405, 0.656, 0.283, 0.337, negative
M, 0.63, 0.49, 0.165, 1.2005, 0.575, 0.273, 0.294, negative
M, 0.63, 0.485, 0.16, 1.243, 0.623, 0.275, 0.3, negative
F, 0.72, 0.55, 0.18, 1.52, 0.637, 0.325, 0.435, negative
M, 0.53, 0.405, 0.15, 0.8315, 0.352, 0.187, 0.2525, negative
I, 0.54, 0.415, 0.11, 0.619, 0.2755, 0.15, 0.1765, negative
I, 0.545, 0.43, 0.15, 0.742, 0.3525, 0.158, 0.208, negative
M, 0.58, 0.46, 0.15, 1.049, 0.5205, 0.1935, 0.305, negative
I, 0.59, 0.475, 0.145, 0.9745, 0.4675, 0.207, 0.259, negative
M, 0.595, 0.47, 0.155, 1.2015, 0.492, 0.3865, 0.265, negative
M, 0.595, 0.46, 0.17, 1.1295, 0.57, 0.2555, 0.265, negative
F, 0.6, 0.48, 0.17, 1.056, 0.4575, 0.2435, 0.3135, negative
M, 0.6, 0.45, 0.195, 1.34, 0.617, 0.3255, 0.3605, negative
M, 0.615, 0.455, 0.15, 0.9335, 0.382, 0.247, 0.2615, negative
F, 0.615, 0.495, 0.165, 1.198, 0.5415, 0.2865, 0.3185, negative
M, 0.62, 0.475, 0.195, 1.3585, 0.5935, 0.3365, 0.3745, negative
M, 0.625, 0.515, 0.165, 1.217, 0.667, 0.2065, 0.3115, negative
F, 0.625, 0.49, 0.145, 0.92, 0.437, 0.1735, 0.28, negative
M, 0.625, 0.49, 0.12, 0.8765, 0.456, 0.18, 0.233, negative
F, 0.63, 0.48, 0.165, 1.2615, 0.5505, 0.277, 0.3885, negative
F, 0.63, 0.485, 0.185, 1.167, 0.548, 0.2485, 0.34, negative
M, 0.635, 0.485, 0.18, 1.1795, 0.4785, 0.2775, 0.355, negative
F, 0.66, 0.525, 0.18, 1.5965, 0.7765, 0.397, 0.3605, negative
F, 0.665, 0.51, 0.175, 1.3805, 0.675, 0.2985, 0.325, negative
M, 0.67, 0.54, 0.175, 1.482, 0.739, 0.2925, 0.365, negative
M, 0.685, 0.505, 0.19, 1.533, 0.667, 0.4055, 0.41, negative
F, 0.535, 0.4, 0.15, 1.224, 0.618, 0.275, 0.2875, negative
M, 0.555, 0.405, 0.19, 1.406, 0.6115, 0.342, 0.389, negative
F, 0.62, 0.5, 0.17, 1.148, 0.5475, 0.22, 0.3315, negative
M, 0.645, 0.505, 0.185, 1.463, 0.592, 0.3905, 0.416, negative
F, 0.655, 0.505, 0.175, 1.2905, 0.6205, 0.2965, 0.326, negative
M, 0.54, 0.42, 0.19, 0.6855, 0.293, 0.163, 0.38, negative
I, 0.55, 0.405, 0.15, 0.6755, 0.3015, 0.1465, 0.21, negative
M, 0.57, 0.45, 0.145, 0.95, 0.4005, 0.2235, 0.2845, negative
M, 0.575, 0.445, 0.14, 0.737, 0.325, 0.1405, 0.237, negative
F, 0.58, 0.435, 0.155, 0.8785, 0.425, 0.1685, 0.2425, negative
M, 0.63, 0.495, 0.18, 1.31, 0.495, 0.295, 0.4695, negative
F, 0.66, 0.53, 0.18, 1.5175, 0.7765, 0.302, 0.401, negative
M, 0.665, 0.525, 0.155, 1.3575, 0.5325, 0.3045, 0.4485, negative
M, 0.685, 0.51, 0.165, 1.545, 0.686, 0.3775, 0.4055, negative
M, 0.46, 0.355, 0.14, 0.491, 0.207, 0.115, 0.174, negative
M, 0.495, 0.38, 0.12, 0.474, 0.197, 0.1065, 0.1545, negative
M, 0.58, 0.43, 0.125, 0.9115, 0.446, 0.2075, 0.121, negative
M, 0.66, 0.525, 0.2, 1.489, 0.6065, 0.3795, 0.421, negative
M, 0.465, 0.405, 0.135, 0.7775, 0.436, 0.1715, 0.1455, negative
F, 0.525, 0.4, 0.135, 0.714, 0.318, 0.138, 0.208, negative
F, 0.575, 0.45, 0.135, 0.8285, 0.362, 0.1655, 0.236, negative
M, 0.585, 0.46, 0.15, 1.206, 0.581, 0.216, 0.323, negative
F, 0.63, 0.495, 0.19, 1.1655, 0.536, 0.2115, 0.1625, negative
F, 0.63, 0.49, 0.17, 1.2155, 0.4625, 0.2045, 0.3105, negative
F, 0.685, 0.53, 0.17, 1.5105, 0.7385, 0.3525, 0.3725, negative
M, 0.465, 0.36, 0.105, 0.488, 0.188, 0.0845, 0.19, negative
M, 0.51, 0.4, 0.14, 0.6905, 0.259, 0.151, 0.23, negative
F, 0.655, 0.505, 0.165, 1.367, 0.5835, 0.3515, 0.396, negative
M, 0.535, 0.44, 0.165, 0.875, 0.279, 0.18, 0.3, negative
M, 0.56, 0.45, 0.155, 0.9125, 0.3595, 0.271, 0.35, negative
M, 0.645, 0.505, 0.165, 1.307, 0.4335, 0.262, 0.52, negative
F, 0.505, 0.405, 0.16, 0.6835, 0.271, 0.145, 0.215, negative
M, 0.425, 0.34, 0.12, 0.388, 0.149, 0.087, 0.125, negative
F, 0.42, 0.32, 0.13, 0.4135, 0.1645, 0.106, 0.119, negative
F, 0.4, 0.335, 0.115, 0.4335, 0.2105, 0.1205, 0.12, negative
I, 0.41, 0.3, 0.115, 0.2595, 0.097, 0.0515, 0.08, negative
M, 0.345, 0.265, 0.09, 0.163, 0.0615, 0.037, 0.0485, negative
F, 0.545, 0.435, 0.15, 0.6855, 0.2905, 0.145, 0.225, negative
F, 0.385, 0.305, 0.125, 0.314, 0.146, 0.0555, 0.08, negative
F, 0.455, 0.36, 0.11, 0.4385, 0.206, 0.098, 0.125, negative
I, 0.54, 0.405, 0.15, 0.7585, 0.307, 0.2075, 0.19, negative
M, 0.33, 0.235, 0.09, 0.163, 0.0615, 0.034, 0.055, negative
F, 0.475, 0.375, 0.125, 0.588, 0.237, 0.1715, 0.155, negative
F, 0.46, 0.33, 0.15, 0.5325, 0.2085, 0.1805, 0.125, negative
M, 0.56, 0.44, 0.16, 1.1115, 0.5035, 0.2785, 0.26, negative
M, 0.575, 0.435, 0.13, 1.0105, 0.368, 0.222, 0.32, negative
M, 0.53, 0.43, 0.135, 0.879, 0.28, 0.2165, 0.25, negative
F, 0.595, 0.475, 0.165, 1.148, 0.444, 0.214, 0.37, negative
M, 0.64, 0.51, 0.17, 1.3715, 0.567, 0.307, 0.409, negative
F, 0.65, 0.545, 0.185, 1.5055, 0.6565, 0.341, 0.43, negative
F, 0.61, 0.495, 0.175, 1.2635, 0.53, 0.315, 0.3455, negative
F, 0.625, 0.47, 0.17, 1.255, 0.525, 0.2415, 0.405, negative
M, 0.635, 0.495, 0.155, 1.3635, 0.583, 0.2985, 0.295, negative
M, 0.66, 0.525, 0.18, 1.478, 0.5815, 0.381, 0.372, negative
F, 0.715, 0.585, 0.23, 2.0725, 0.8655, 0.4095, 0.565, negative
M, 0.535, 0.42, 0.16, 0.7465, 0.348, 0.1515, 0.2185, negative
M, 0.59, 0.46, 0.145, 0.929, 0.38, 0.24, 0.255, negative
F, 0.62, 0.51, 0.18, 1.233, 0.592, 0.274, 0.322, negative
M, 0.625, 0.495, 0.18, 1.0815, 0.4715, 0.254, 0.3135, negative
F, 0.645, 0.52, 0.175, 1.3345, 0.667, 0.2665, 0.355, negative
M, 0.67, 0.525, 0.18, 1.6615, 0.8005, 0.3645, 0.43, negative
M, 0.715, 0.545, 0.18, 1.7405, 0.871, 0.347, 0.449, negative
I, 0.55, 0.425, 0.155, 0.8725, 0.412, 0.187, 0.2425, negative
F, 0.565, 0.45, 0.175, 1.2365, 0.5305, 0.2455, 0.308, negative
M, 0.57, 0.47, 0.155, 1.186, 0.6355, 0.2315, 0.277, negative
I, 0.58, 0.46, 0.14, 0.9265, 0.4135, 0.1845, 0.27, negative
I, 0.58, 0.46, 0.14, 0.8295, 0.3915, 0.165, 0.238, negative
F, 0.595, 0.465, 0.145, 0.7955, 0.3425, 0.1795, 0.2425, negative
F, 0.6, 0.475, 0.17, 1.088, 0.4905, 0.2475, 0.31, negative
F, 0.62, 0.48, 0.165, 1.043, 0.4835, 0.221, 0.31, negative
M, 0.635, 0.495, 0.17, 1.3695, 0.657, 0.3055, 0.365, negative
M, 0.675, 0.515, 0.145, 1.265, 0.6025, 0.299, 0.325, negative
F, 0.59, 0.465, 0.17, 1.0425, 0.4635, 0.24, 0.27, negative
M, 0.6, 0.46, 0.18, 1.14, 0.423, 0.2575, 0.365, negative
M, 0.66, 0.53, 0.175, 1.583, 0.7395, 0.3505, 0.405, negative
F, 0.67, 0.525, 0.195, 1.42, 0.573, 0.368, 0.3905, negative
M, 0.69, 0.53, 0.19, 1.5955, 0.678, 0.331, 0.48, negative
M, 0.715, 0.525, 0.2, 1.89, 0.95, 0.436, 0.4305, negative
I, 0.525, 0.405, 0.125, 0.657, 0.2985, 0.1505, 0.168, negative
F, 0.525, 0.425, 0.14, 0.8735, 0.4205, 0.182, 0.2225, negative
I, 0.535, 0.45, 0.155, 0.8075, 0.3655, 0.148, 0.2595, negative
F, 0.545, 0.41, 0.125, 0.654, 0.2945, 0.1315, 0.205, negative
I, 0.55, 0.415, 0.15, 0.7915, 0.3535, 0.176, 0.236, negative
F, 0.585, 0.465, 0.145, 0.9855, 0.4325, 0.2145, 0.2845, negative
I, 0.595, 0.47, 0.135, 0.9365, 0.434, 0.184, 0.287, negative
F, 0.595, 0.44, 0.135, 0.964, 0.5005, 0.1715, 0.2575, negative
F, 0.595, 0.46, 0.155, 1.0455, 0.4565, 0.24, 0.3085, negative
M, 0.6, 0.47, 0.16, 1.012, 0.441, 0.2015, 0.305, negative
F, 0.605, 0.49, 0.15, 1.1345, 0.4305, 0.2525, 0.35, negative
M, 0.61, 0.45, 0.19, 1.0805, 0.517, 0.2495, 0.2935, negative
M, 0.62, 0.525, 0.155, 1.085, 0.454, 0.1965, 0.35, negative
M, 0.62, 0.48, 0.165, 1.0855, 0.481, 0.2575, 0.305, negative
M, 0.65, 0.495, 0.16, 1.2075, 0.55, 0.2695, 0.32, negative
F, 0.65, 0.52, 0.195, 1.281, 0.5985, 0.246, 0.3825, negative
F, 0.65, 0.51, 0.175, 1.35, 0.575, 0.3155, 0.3885, negative
F, 0.66, 0.53, 0.17, 1.431, 0.622, 0.309, 0.398, negative
M, 0.66, 0.51, 0.18, 1.261, 0.5, 0.2335, 0.339, negative
M, 0.685, 0.55, 0.19, 1.885, 0.89, 0.41, 0.4895, negative
F, 0.705, 0.53, 0.17, 1.564, 0.612, 0.394, 0.44, negative
F, 0.575, 0.42, 0.19, 1.764, 0.914, 0.377, 0.4095, negative
M, 0.605, 0.455, 0.16, 1.1215, 0.533, 0.273, 0.271, negative
M, 0.615, 0.505, 0.165, 1.167, 0.4895, 0.2955, 0.345, negative
M, 0.625, 0.48, 0.18, 1.223, 0.565, 0.2975, 0.3375, negative
I, 0.52, 0.41, 0.14, 0.699, 0.3395, 0.129, 0.1945, negative
M, 0.53, 0.42, 0.135, 0.675, 0.294, 0.156, 0.1825, negative
I, 0.535, 0.4, 0.145, 0.705, 0.3065, 0.1365, 0.22, negative
F, 0.555, 0.44, 0.14, 0.846, 0.346, 0.1715, 0.2735, negative
M, 0.555, 0.46, 0.16, 0.86, 0.3345, 0.1935, 0.275, negative
I, 0.575, 0.45, 0.145, 0.795, 0.364, 0.1505, 0.26, negative
M, 0.595, 0.48, 0.185, 1.1785, 0.526, 0.2975, 0.314, negative
M, 0.615, 0.48, 0.185, 1.2205, 0.4985, 0.315, 0.33, negative
M, 0.615, 0.455, 0.13, 0.9685, 0.49, 0.182, 0.2655, negative
M, 0.625, 0.5, 0.185, 1.2425, 0.5995, 0.248, 0.335, negative
F, 0.645, 0.51, 0.155, 1.129, 0.5015, 0.24, 0.342, negative
F, 0.65, 0.505, 0.175, 1.2075, 0.5105, 0.262, 0.39, negative
M, 0.67, 0.52, 0.175, 1.4755, 0.6275, 0.379, 0.374, negative
F, 0.695, 0.535, 0.175, 1.361, 0.5465, 0.2815, 0.465, negative
M, 0.515, 0.385, 0.13, 0.623, 0.2855, 0.1285, 0.175, negative
M, 0.57, 0.44, 0.145, 0.8815, 0.3605, 0.1955, 0.2735, negative
M, 0.595, 0.46, 0.155, 1.03, 0.4275, 0.207, 0.3305, negative
F, 0.545, 0.42, 0.175, 0.754, 0.256, 0.1775, 0.275, negative
M, 0.56, 0.44, 0.13, 0.8255, 0.2425, 0.202, 0.285, negative
M, 0.475, 0.37, 0.125, 0.655, 0.266, 0.1725, 0.185, negative
F, 0.525, 0.43, 0.165, 0.717, 0.289, 0.1745, 0.195, negative
M, 0.45, 0.355, 0.115, 0.478, 0.18, 0.1185, 0.155, negative
F, 0.565, 0.455, 0.13, 1.058, 0.439, 0.2645, 0.3, negative
M, 0.54, 0.425, 0.12, 0.817, 0.2945, 0.153, 0.195, negative
F, 0.565, 0.46, 0.15, 0.8765, 0.3455, 0.1925, 0.275, negative
F, 0.455, 0.375, 0.125, 0.458, 0.1985, 0.111, 0.12, negative
I, 0.355, 0.27, 0.1, 0.216, 0.083, 0.037, 0.075, negative
F, 0.52, 0.41, 0.16, 0.712, 0.2845, 0.153, 0.225, negative
I, 0.525, 0.4, 0.14, 0.6955, 0.2405, 0.16, 0.253, negative
I, 0.725, 0.55, 0.22, 2.0495, 0.7735, 0.4405, 0.655, negative
F, 0.35, 0.275, 0.065, 0.205, 0.0745, 0.0465, 0.07, negative
F, 0.555, 0.44, 0.155, 1.016, 0.4935, 0.1855, 0.263, negative
M, 0.695, 0.55, 0.205, 2.173, 1.133, 0.4665, 0.496, negative
F, 0.72, 0.575, 0.195, 2.1505, 1.0745, 0.382, 0.585, negative
M, 0.6, 0.465, 0.155, 1.262, 0.6245, 0.2455, 0.33, negative
M, 0.67, 0.51, 0.2, 1.5945, 0.6705, 0.3845, 0.4505, negative
M, 0.7, 0.6, 0.23, 2.003, 0.8105, 0.4045, 0.5755, negative
M, 0.625, 0.48, 0.175, 1.065, 0.4865, 0.259, 0.285, negative
M, 0.635, 0.48, 0.145, 1.181, 0.665, 0.229, 0.225, negative
M, 0.66, 0.515, 0.155, 1.4415, 0.7055, 0.3555, 0.335, negative
F, 0.69, 0.58, 0.195, 1.658, 0.708, 0.3615, 0.4715, negative
I, 0.495, 0.385, 0.125, 0.5125, 0.2075, 0.1155, 0.172, negative
I, 0.575, 0.45, 0.15, 0.858, 0.449, 0.166, 0.215, negative
F, 0.575, 0.46, 0.165, 0.9575, 0.4815, 0.1945, 0.236, negative
F, 0.58, 0.425, 0.155, 0.873, 0.3615, 0.249, 0.239, negative
M, 0.625, 0.5, 0.175, 1.0565, 0.4615, 0.258, 0.305, negative
F, 0.625, 0.485, 0.165, 1.2255, 0.5075, 0.296, 0.36, negative
F, 0.635, 0.5, 0.18, 1.2565, 0.539, 0.292, 0.35, negative
M, 0.62, 0.465, 0.145, 0.911, 0.375, 0.2145, 0.278, negative
M, 0.55, 0.43, 0.18, 0.8265, 0.4405, 0.159, 0.225, negative
M, 0.57, 0.445, 0.16, 1.0145, 0.516, 0.164, 0.3, negative
F, 0.575, 0.48, 0.17, 1.1, 0.506, 0.2485, 0.31, negative
I, 0.595, 0.475, 0.155, 0.984, 0.4865, 0.184, 0.2755, negative
M, 0.7, 0.545, 0.215, 1.9125, 0.8825, 0.4385, 0.506, negative
F, 0.605, 0.465, 0.155, 1.1, 0.547, 0.2665, 0.2585, negative
I, 0.55, 0.445, 0.11, 0.7935, 0.378, 0.142, 0.26, negative
I, 0.57, 0.425, 0.14, 0.7655, 0.331, 0.14, 0.24, negative
M, 0.58, 0.45, 0.14, 0.824, 0.3465, 0.1765, 0.263, negative
I, 0.585, 0.47, 0.17, 0.985, 0.3695, 0.2395, 0.315, negative
F, 0.635, 0.495, 0.175, 1.2355, 0.5205, 0.3085, 0.347, negative
F, 0.645, 0.535, 0.19, 1.2395, 0.468, 0.2385, 0.424, negative
M, 0.695, 0.53, 0.21, 1.51, 0.664, 0.4095, 0.385, negative
M, 0.52, 0.385, 0.165, 0.791, 0.375, 0.18, 0.1815, negative
M, 0.55, 0.43, 0.13, 0.8395, 0.3155, 0.1955, 0.2405, negative
M, 0.59, 0.44, 0.135, 0.966, 0.439, 0.2145, 0.2605, negative
F, 0.625, 0.485, 0.15, 1.0945, 0.531, 0.261, 0.296, negative
F, 0.615, 0.48, 0.165, 1.1615, 0.513, 0.301, 0.305, negative
M, 0.53, 0.415, 0.14, 0.724, 0.3105, 0.1675, 0.205, negative
M, 0.55, 0.405, 0.14, 0.8025, 0.244, 0.1635, 0.255, negative
F, 0.47, 0.36, 0.13, 0.472, 0.182, 0.114, 0.15, negative
M, 0.485, 0.4, 0.135, 0.663, 0.313, 0.137, 0.2, negative
F, 0.455, 0.35, 0.14, 0.5185, 0.221, 0.1265, 0.135, negative
F, 0.485, 0.375, 0.135, 0.556, 0.1925, 0.1315, 0.1685, negative
F, 0.55, 0.45, 0.15, 0.875, 0.362, 0.1755, 0.2765, negative
M, 0.66, 0.52, 0.19, 1.558, 0.755, 0.298, 0.4, negative
M, 0.63, 0.5, 0.175, 1.2645, 0.5635, 0.3065, 0.3425, negative
M, 0.645, 0.53, 0.195, 1.39, 0.6465, 0.2945, 0.3735, negative
M, 0.755, 0.58, 0.205, 2.0065, 0.8295, 0.4015, 0.595, negative
M, 0.575, 0.46, 0.155, 0.892, 0.4415, 0.176, 0.22, negative
M, 0.585, 0.49, 0.185, 1.171, 0.522, 0.2535, 0.335, negative
I, 0.6, 0.475, 0.15, 1.12, 0.565, 0.2465, 0.27, negative
M, 0.615, 0.475, 0.17, 1.129, 0.4795, 0.302, 0.3, negative
F, 0.62, 0.5, 0.15, 1.293, 0.596, 0.3135, 0.354, negative
M, 0.635, 0.51, 0.155, 0.986, 0.405, 0.2255, 0.31, negative
M, 0.705, 0.565, 0.515, 2.21, 1.1075, 0.4865, 0.512, negative
M, 0.62, 0.485, 0.155, 1.049, 0.462, 0.231, 0.25, negative
M, 0.67, 0.51, 0.175, 1.5265, 0.651, 0.4475, 0.345, negative
M, 0.74, 0.57, 0.18, 1.8725, 0.9115, 0.427, 0.446, negative
I, 0.515, 0.35, 0.105, 0.4745, 0.213, 0.123, 0.1275, negative
M, 0.63, 0.485, 0.165, 1.233, 0.6565, 0.2315, 0.3035, negative
M, 0.64, 0.515, 0.18, 1.247, 0.5475, 0.2925, 0.3685, negative
M, 0.7, 0.565, 0.175, 1.8565, 0.8445, 0.3935, 0.54, negative
M, 0.72, 0.57, 0.2, 1.8275, 0.919, 0.366, 0.485, negative
F, 0.675, 0.53, 0.175, 1.4465, 0.6775, 0.33, 0.389, negative
I, 0.565, 0.46, 0.155, 0.8715, 0.3755, 0.215, 0.25, negative
M, 0.575, 0.445, 0.145, 0.876, 0.3795, 0.1615, 0.27, negative
I, 0.575, 0.45, 0.135, 0.8715, 0.45, 0.162, 0.225, negative
I, 0.605, 0.49, 0.165, 1.071, 0.482, 0.1935, 0.352, negative
M, 0.615, 0.495, 0.2, 1.219, 0.564, 0.227, 0.3885, negative
F, 0.64, 0.48, 0.145, 1.1145, 0.508, 0.24, 0.34, negative
F, 0.65, 0.51, 0.185, 1.375, 0.531, 0.384, 0.3985, negative
F, 0.655, 0.525, 0.175, 1.348, 0.5855, 0.2605, 0.394, negative
F, 0.6, 0.45, 0.14, 0.837, 0.37, 0.177, 0.2425, negative
F, 0.705, 0.57, 0.185, 1.761, 0.747, 0.3725, 0.488, negative
M, 0.53, 0.425, 0.13, 0.7455, 0.2995, 0.1355, 0.245, negative
M, 0.55, 0.44, 0.135, 0.879, 0.368, 0.2095, 0.265, negative
M, 0.475, 0.375, 0.12, 0.563, 0.2525, 0.1205, 0.185, negative
F, 0.52, 0.425, 0.15, 0.813, 0.385, 0.2015, 0.23, negative
F, 0.62, 0.485, 0.175, 1.2155, 0.545, 0.253, 0.345, negative
F, 0.605, 0.48, 0.15, 1.079, 0.4505, 0.2835, 0.293, negative
M, 0.625, 0.48, 0.145, 1.085, 0.4645, 0.2445, 0.327, negative
M, 0.735, 0.57, 0.21, 2.2355, 1.1705, 0.463, 0.5315, negative
I, 0.605, 0.48, 0.155, 0.9995, 0.425, 0.1985, 0.3, negative
F, 0.57, 0.47, 0.14, 0.871, 0.385, 0.211, 0.2315, negative
F, 0.6, 0.48, 0.165, 1.1345, 0.4535, 0.27, 0.335, negative
I, 0.47, 0.375, 0.105, 0.468, 0.1665, 0.108, 0.17, negative
I, 0.435, 0.34, 0.11, 0.407, 0.1685, 0.073, 0.13, negative
M, 0.61, 0.47, 0.175, 1.214, 0.5315, 0.2835, 0.325, negative
F, 0.625, 0.475, 0.16, 1.3335, 0.605, 0.2875, 0.319, negative
M, 0.655, 0.505, 0.165, 1.27, 0.6035, 0.262, 0.335, negative
F, 0.6, 0.5, 0.16, 1.122, 0.5095, 0.256, 0.309, negative
I, 0.51, 0.375, 0.15, 0.8415, 0.3845, 0.156, 0.255, negative
F, 0.68, 0.52, 0.185, 1.541, 0.5985, 0.395, 0.4575, negative
M, 0.375, 0.28, 0.095, 0.2225, 0.0875, 0.043, 0.08, negative
F, 0.645, 0.525, 0.17, 1.37, 0.6135, 0.283, 0.34, negative
M, 0.52, 0.395, 0.125, 0.5815, 0.2565, 0.1265, 0.17, negative
I, 0.54, 0.415, 0.155, 0.702, 0.322, 0.167, 0.19, negative
F, 0.695, 0.56, 0.185, 1.7715, 0.8195, 0.331, 0.437, negative
I, 0.475, 0.365, 0.115, 0.499, 0.232, 0.0885, 0.156, negative
M, 0.49, 0.38, 0.135, 0.5415, 0.2175, 0.095, 0.19, negative
M, 0.355, 0.28, 0.095, 0.2455, 0.0955, 0.062, 0.075, negative
F, 0.56, 0.44, 0.14, 0.9285, 0.3825, 0.188, 0.3, negative
F, 0.58, 0.45, 0.185, 0.9955, 0.3945, 0.272, 0.285, negative
M, 0.575, 0.425, 0.14, 0.8635, 0.393, 0.227, 0.2, negative
F, 0.575, 0.445, 0.135, 0.883, 0.381, 0.2035, 0.26, negative
M, 0.57, 0.48, 0.175, 1.185, 0.474, 0.261, 0.38, negative
F, 0.555, 0.425, 0.14, 0.788, 0.282, 0.1595, 0.285, negative
F, 0.545, 0.43, 0.165, 0.802, 0.2935, 0.183, 0.28, negative
F, 0.545, 0.41, 0.125, 0.6935, 0.2975, 0.146, 0.21, negative
F, 0.53, 0.415, 0.115, 0.5915, 0.233, 0.1585, 0.18, negative
F, 0.49, 0.375, 0.135, 0.6125, 0.2555, 0.102, 0.22, negative
M, 0.56, 0.455, 0.155, 0.797, 0.34, 0.19, 0.2425, negative
M, 0.58, 0.475, 0.15, 0.97, 0.385, 0.2165, 0.35, negative
F, 0.63, 0.48, 0.16, 1.199, 0.5265, 0.335, 0.315, negative
F, 0.505, 0.41, 0.15, 0.644, 0.285, 0.145, 0.21, negative
F, 0.47, 0.35, 0.145, 0.5175, 0.187, 0.1235, 0.18, negative
F, 0.445, 0.355, 0.15, 0.485, 0.181, 0.125, 0.155, negative
F, 0.58, 0.465, 0.165, 1.1015, 0.404, 0.2095, 0.35, negative
F, 0.54, 0.475, 0.155, 0.928, 0.394, 0.194, 0.26, negative
F, 0.46, 0.38, 0.13, 0.639, 0.3, 0.1525, 0.16, negative
F, 0.515, 0.425, 0.135, 0.712, 0.2665, 0.1605, 0.25, negative
M, 0.49, 0.395, 0.14, 0.549, 0.2215, 0.1275, 0.15, negative
M, 0.62, 0.465, 0.19, 1.3415, 0.5705, 0.3175, 0.355, negative
M, 0.58, 0.465, 0.145, 0.887, 0.4405, 0.1655, 0.265, negative
I, 0.39, 0.31, 0.1, 0.302, 0.116, 0.064, 0.115, negative
M, 0.585, 0.455, 0.15, 0.987, 0.4355, 0.2075, 0.31, negative
M, 0.555, 0.45, 0.145, 0.915, 0.4, 0.246, 0.285, negative
F, 0.58, 0.46, 0.12, 0.9935, 0.4625, 0.2385, 0.28, negative
I, 0.49, 0.38, 0.12, 0.529, 0.2165, 0.139, 0.155, negative
M, 0.5, 0.41, 0.15, 0.662, 0.2815, 0.137, 0.22, negative
F, 0.565, 0.49, 0.155, 0.9245, 0.405, 0.2195, 0.255, negative
M, 0.575, 0.47, 0.14, 0.8375, 0.3485, 0.1735, 0.24, negative
F, 0.525, 0.41, 0.135, 0.7085, 0.293, 0.1525, 0.235, negative
M, 0.38, 0.285, 0.1, 0.2665, 0.115, 0.061, 0.075, negative
F, 0.52, 0.405, 0.12, 0.627, 0.2645, 0.1415, 0.181, negative
M, 0.55, 0.45, 0.13, 0.92, 0.378, 0.2385, 0.29, negative
M, 0.54, 0.42, 0.135, 0.8075, 0.3485, 0.1795, 0.235, negative
F, 0.655, 0.51, 0.155, 1.2895, 0.5345, 0.2855, 0.41, negative
M, 0.56, 0.435, 0.18, 0.889, 0.36, 0.204, 0.25, negative
I, 0.465, 0.38, 0.13, 0.454, 0.1895, 0.08, 0.155, negative
I, 0.52, 0.405, 0.14, 0.5775, 0.2, 0.145, 0.179, negative
M, 0.32, 0.245, 0.075, 0.1555, 0.0585, 0.038, 0.049, negative
I, 0.555, 0.425, 0.18, 0.875, 0.3695, 0.2005, 0.255, negative
F, 0.475, 0.35, 0.115, 0.452, 0.1715, 0.092, 0.155, negative
F, 0.545, 0.415, 0.15, 0.7335, 0.2795, 0.163, 0.2185, negative
F, 0.41, 0.32, 0.115, 0.387, 0.165, 0.1005, 0.0985, negative
F, 0.61, 0.475, 0.14, 1.133, 0.5275, 0.2355, 0.35, negative
I, 0.58, 0.445, 0.15, 0.8865, 0.383, 0.209, 0.255, negative
F, 0.625, 0.49, 0.175, 1.233, 0.5565, 0.247, 0.365, negative
F, 0.41, 0.305, 0.1, 0.363, 0.1735, 0.065, 0.11, negative
I, 0.495, 0.39, 0.125, 0.6655, 0.284, 0.162, 0.2, negative
I, 0.47, 0.345, 0.115, 0.4885, 0.2005, 0.108, 0.166, negative
I, 0.445, 0.33, 0.12, 0.347, 0.12, 0.084, 0.105, negative
I, 0.46, 0.35, 0.12, 0.4885, 0.193, 0.105, 0.155, negative
I, 0.47, 0.35, 0.13, 0.466, 0.1845, 0.099, 0.145, negative
F, 0.585, 0.475, 0.185, 0.9585, 0.4145, 0.1615, 0.33, negative
I, 0.535, 0.45, 0.17, 0.781, 0.3055, 0.1555, 0.295, negative
M, 0.455, 0.35, 0.12, 0.4835, 0.1815, 0.144, 0.16, negative
F, 0.5, 0.375, 0.115, 0.5945, 0.185, 0.148, 0.19, negative
M, 0.525, 0.4, 0.17, 0.7305, 0.279, 0.2055, 0.195, negative
M, 0.59, 0.44, 0.15, 0.9555, 0.366, 0.2425, 0.295, negative
F, 0.43, 0.325, 0.115, 0.3865, 0.1475, 0.1065, 0.11, negative
M, 0.315, 0.25, 0.09, 0.203, 0.0615, 0.037, 0.0795, negative
M, 0.375, 0.3, 0.1, 0.2465, 0.104, 0.0475, 0.083, negative
M, 0.525, 0.4, 0.13, 0.8295, 0.2405, 0.1825, 0.275, negative
M, 0.545, 0.45, 0.15, 0.978, 0.3365, 0.1905, 0.3, negative
F, 0.55, 0.43, 0.155, 0.785, 0.289, 0.227, 0.233, negative
F, 0.53, 0.455, 0.165, 0.9805, 0.3155, 0.2815, 0.2965, negative
M, 0.53, 0.41, 0.165, 0.732, 0.189, 0.17, 0.31, negative
M, 0.53, 0.41, 0.155, 0.7155, 0.2805, 0.1685, 0.214, negative
M, 0.52, 0.42, 0.16, 0.745, 0.255, 0.157, 0.2885, negative
F, 0.425, 0.345, 0.11, 0.3665, 0.125, 0.081, 0.117, negative
F, 0.54, 0.42, 0.14, 0.805, 0.369, 0.1725, 0.21, negative
M, 0.6, 0.475, 0.175, 1.3445, 0.549, 0.2875, 0.36, negative
M, 0.6, 0.495, 0.175, 1.29, 0.606, 0.276, 0.3445, negative
F, 0.62, 0.505, 0.16, 1.3725, 0.6285, 0.275, 0.3685, negative
F, 0.625, 0.49, 0.155, 1.2085, 0.465, 0.162, 0.411, negative
M, 0.65, 0.525, 0.175, 1.4715, 0.675, 0.315, 0.399, negative
F, 0.68, 0.56, 0.195, 1.7775, 0.861, 0.322, 0.415, negative
F, 0.685, 0.54, 0.16, 1.6675, 0.833, 0.3775, 0.475, negative
F, 0.695, 0.56, 0.22, 1.834, 0.8455, 0.422, 0.455, negative
M, 0.525, 0.4, 0.14, 0.7325, 0.334, 0.1575, 0.17, negative
M, 0.59, 0.465, 0.155, 1.136, 0.5245, 0.2615, 0.275, negative
F, 0.595, 0.45, 0.15, 1.114, 0.5865, 0.2205, 0.25, negative
M, 0.605, 0.47, 0.165, 1.2315, 0.6025, 0.262, 0.2925, negative
M, 0.61, 0.47, 0.15, 1.1625, 0.565, 0.258, 0.3085, negative
F, 0.62, 0.51, 0.18, 1.3315, 0.594, 0.276, 0.388, negative
F, 0.63, 0.495, 0.165, 1.3075, 0.599, 0.284, 0.315, negative
M, 0.635, 0.49, 0.175, 1.375, 0.623, 0.2705, 0.395, negative
F, 0.64, 0.5, 0.17, 1.5175, 0.693, 0.326, 0.409, negative
M, 0.645, 0.52, 0.175, 1.636, 0.779, 0.342, 0.432, negative
M, 0.645, 0.5, 0.175, 1.3385, 0.633, 0.299, 0.349, negative
M, 0.65, 0.52, 0.21, 1.6785, 0.6665, 0.308, 0.46, negative
F, 0.66, 0.505, 0.185, 1.528, 0.69, 0.3025, 0.441, negative
M, 0.67, 0.525, 0.165, 1.6085, 0.682, 0.3145, 0.4005, negative
M, 0.71, 0.565, 0.205, 2.198, 1.012, 0.5225, 0.5475, negative
F, 0.715, 0.525, 0.185, 1.56, 0.6655, 0.383, 0.405, negative
F, 0.735, 0.6, 0.22, 2.555, 1.1335, 0.44, 0.6, negative
M, 0.655, 0.515, 0.16, 1.31, 0.553, 0.369, 0.345, negative
F, 0.66, 0.53, 0.185, 1.346, 0.546, 0.2705, 0.476, negative
F, 0.71, 0.56, 0.18, 1.652, 0.735, 0.381, 0.4525, negative
M, 0.735, 0.585, 0.185, 2.124, 0.952, 0.55, 0.5, negative
M, 0.745, 0.565, 0.215, 1.931, 0.896, 0.4585, 0.5, negative
F, 0.75, 0.57, 0.21, 2.236, 1.109, 0.5195, 0.545, negative
F, 0.755, 0.625, 0.21, 2.505, 1.1965, 0.513, 0.6785, negative
F, 0.78, 0.63, 0.215, 2.657, 1.488, 0.4985, 0.586, negative
I, 0.465, 0.34, 0.11, 0.346, 0.1425, 0.073, 0.113, negative
I, 0.55, 0.43, 0.145, 0.7895, 0.3745, 0.171, 0.223, negative
I, 0.565, 0.44, 0.175, 0.8735, 0.414, 0.21, 0.21, negative
M, 0.565, 0.39, 0.125, 0.744, 0.352, 0.13, 0.1685, negative
M, 0.6, 0.48, 0.155, 1.014, 0.451, 0.1885, 0.325, negative
F, 0.6, 0.465, 0.155, 1.04, 0.4755, 0.25, 0.28, negative
M, 0.6, 0.46, 0.155, 0.9595, 0.4455, 0.189, 0.295, negative
I, 0.605, 0.485, 0.15, 1.238, 0.6315, 0.226, 0.33, negative
I, 0.605, 0.435, 0.13, 0.9025, 0.432, 0.174, 0.26, negative
F, 0.625, 0.505, 0.175, 1.15, 0.5475, 0.256, 0.3045, negative
I, 0.63, 0.505, 0.18, 1.272, 0.6025, 0.295, 0.315, negative
M, 0.645, 0.51, 0.16, 1.1835, 0.556, 0.2385, 0.345, negative
M, 0.645, 0.525, 0.16, 1.5075, 0.7455, 0.245, 0.4325, negative
F, 0.65, 0.505, 0.165, 1.16, 0.4785, 0.274, 0.349, negative
F, 0.65, 0.59, 0.22, 1.662, 0.77, 0.378, 0.435, negative
M, 0.65, 0.525, 0.175, 1.5365, 0.6865, 0.3585, 0.405, negative
F, 0.67, 0.53, 0.225, 1.5615, 0.63, 0.487, 0.3725, negative
F, 0.695, 0.565, 0.19, 1.7635, 0.7465, 0.399, 0.4975, negative
M, 0.705, 0.555, 0.215, 2.141, 1.0465, 0.383, 0.528, negative
F, 0.71, 0.55, 0.17, 1.614, 0.743, 0.345, 0.45, negative
F, 0.725, 0.6, 0.2, 1.737, 0.697, 0.3585, 0.595, negative
F, 0.73, 0.58, 0.19, 1.7375, 0.6785, 0.4345, 0.52, negative
F, 0.605, 0.485, 0.165, 0.9515, 0.4535, 0.193, 0.2765, negative
F, 0.61, 0.485, 0.17, 1.1005, 0.5125, 0.229, 0.305, negative
M, 0.625, 0.47, 0.18, 1.136, 0.451, 0.3245, 0.305, negative
M, 0.63, 0.48, 0.15, 1.271, 0.6605, 0.2425, 0.31, negative
F, 0.655, 0.54, 0.215, 1.5555, 0.695, 0.296, 0.444, negative
M, 0.655, 0.51, 0.215, 1.7835, 0.8885, 0.4095, 0.4195, negative
M, 0.67, 0.545, 0.2, 1.7025, 0.833, 0.374, 0.41, negative
M, 0.68, 0.515, 0.17, 1.6115, 0.8415, 0.306, 0.395, negative
F, 0.7, 0.55, 0.17, 1.684, 0.7535, 0.3265, 0.32, negative
M, 0.7, 0.555, 0.2, 1.858, 0.73, 0.3665, 0.595, negative
M, 0.75, 0.55, 0.18, 1.893, 0.942, 0.397, 0.445, negative
I, 0.555, 0.46, 0.145, 0.9005, 0.3845, 0.158, 0.2765, negative
I, 0.59, 0.46, 0.145, 0.9015, 0.419, 0.1785, 0.26, negative
F, 0.605, 0.505, 0.18, 1.434, 0.7285, 0.264, 0.431, negative
F, 0.62, 0.54, 0.165, 1.139, 0.4995, 0.2435, 0.357, negative
I, 0.62, 0.49, 0.16, 1.066, 0.446, 0.246, 0.305, negative
M, 0.625, 0.49, 0.165, 1.1165, 0.4895, 0.2615, 0.3325, negative
M, 0.63, 0.49, 0.17, 1.1745, 0.5255, 0.273, 0.339, negative
M, 0.63, 0.495, 0.175, 1.2695, 0.605, 0.271, 0.328, negative
M, 0.64, 0.525, 0.185, 1.707, 0.763, 0.4205, 0.4435, negative
M, 0.65, 0.505, 0.19, 1.274, 0.59, 0.23, 0.391, negative
M, 0.65, 0.525, 0.185, 1.488, 0.665, 0.337, 0.378, negative
F, 0.655, 0.505, 0.195, 1.4405, 0.688, 0.3805, 0.363, negative
M, 0.665, 0.525, 0.175, 1.443, 0.6635, 0.3845, 0.353, negative
F, 0.665, 0.505, 0.16, 1.2915, 0.631, 0.2925, 0.32, negative
M, 0.67, 0.52, 0.165, 1.39, 0.711, 0.2865, 0.3, negative
F, 0.67, 0.54, 0.195, 1.619, 0.74, 0.3305, 0.465, negative
F, 0.68, 0.51, 0.2, 1.6075, 0.714, 0.339, 0.4705, negative
M, 0.685, 0.52, 0.15, 1.3735, 0.7185, 0.293, 0.32, negative
F, 0.685, 0.565, 0.175, 1.638, 0.7775, 0.375, 0.438, negative
F, 0.705, 0.545, 0.17, 1.58, 0.6435, 0.4565, 0.265, negative
M, 0.71, 0.575, 0.215, 2.009, 0.9895, 0.4475, 0.502, negative
F, 0.73, 0.56, 0.19, 1.9425, 0.799, 0.5195, 0.5655, negative
M, 0.735, 0.59, 0.215, 1.747, 0.7275, 0.403, 0.557, negative
F, 0.75, 0.565, 0.215, 1.938, 0.7735, 0.4825, 0.575, negative
F, 0.61, 0.475, 0.15, 1.1135, 0.5195, 0.2575, 0.3005, negative
M, 0.625, 0.49, 0.185, 1.169, 0.5275, 0.2535, 0.344, negative
M, 0.635, 0.495, 0.195, 1.172, 0.445, 0.3115, 0.3475, negative
M, 0.65, 0.525, 0.19, 1.6125, 0.777, 0.3685, 0.3965, negative
F, 0.665, 0.515, 0.185, 1.3405, 0.5595, 0.293, 0.4375, negative
M, 0.695, 0.53, 0.19, 1.726, 0.7625, 0.436, 0.455, negative
M, 0.72, 0.56, 0.18, 1.5865, 0.691, 0.375, 0.4425, negative
M, 0.73, 0.575, 0.21, 2.069, 0.9285, 0.409, 0.643, negative
I, 0.42, 0.325, 0.1, 0.368, 0.1675, 0.0625, 0.1135, negative
I, 0.505, 0.405, 0.13, 0.599, 0.2245, 0.1175, 0.225, negative
F, 0.565, 0.445, 0.125, 0.8305, 0.3135, 0.1785, 0.23, negative
M, 0.565, 0.455, 0.155, 0.9355, 0.421, 0.183, 0.26, negative
M, 0.57, 0.46, 0.155, 1.0005, 0.454, 0.205, 0.265, negative
M, 0.57, 0.455, 0.155, 0.832, 0.3585, 0.174, 0.277, negative
M, 0.575, 0.455, 0.155, 1.013, 0.4685, 0.2085, 0.295, negative
F, 0.6, 0.47, 0.135, 0.97, 0.4655, 0.1955, 0.264, negative
M, 0.6, 0.46, 0.17, 1.1805, 0.456, 0.337, 0.329, negative
F, 0.6, 0.465, 0.16, 1.133, 0.466, 0.2885, 0.298, negative
M, 0.615, 0.47, 0.145, 1.0285, 0.4435, 0.2825, 0.285, negative
F, 0.62, 0.495, 0.17, 1.062, 0.372, 0.213, 0.34, negative
M, 0.625, 0.495, 0.155, 1.0485, 0.487, 0.212, 0.3215, negative
F, 0.625, 0.445, 0.16, 1.09, 0.46, 0.2965, 0.304, negative
F, 0.625, 0.52, 0.18, 1.354, 0.4845, 0.351, 0.375, negative
F, 0.625, 0.47, 0.145, 0.984, 0.475, 0.2, 0.265, negative
F, 0.635, 0.485, 0.165, 1.2695, 0.5635, 0.3065, 0.3395, negative
F, 0.635, 0.52, 0.165, 1.3405, 0.5065, 0.296, 0.412, negative
F, 0.635, 0.505, 0.155, 1.2895, 0.594, 0.314, 0.345, negative
M, 0.64, 0.53, 0.165, 1.1895, 0.4765, 0.3, 0.35, negative
F, 0.64, 0.485, 0.185, 1.4195, 0.6735, 0.3465, 0.3255, negative
M, 0.645, 0.49, 0.175, 1.32, 0.6525, 0.2375, 0.3385, negative
F, 0.655, 0.515, 0.18, 1.412, 0.6195, 0.2485, 0.497, negative
M, 0.66, 0.51, 0.175, 1.218, 0.5055, 0.303, 0.37, negative
M, 0.675, 0.515, 0.15, 1.312, 0.556, 0.2845, 0.4115, negative
F, 0.675, 0.51, 0.185, 1.473, 0.6295, 0.3025, 0.4245, negative
M, 0.69, 0.55, 0.18, 1.6915, 0.6655, 0.402, 0.5, negative
M, 0.72, 0.565, 0.19, 2.081, 1.0815, 0.4305, 0.503, negative
F, 0.725, 0.57, 0.205, 1.6195, 0.744, 0.315, 0.488, negative
F, 0.75, 0.55, 0.195, 1.8325, 0.83, 0.366, 0.44, negative
M, 0.545, 0.44, 0.14, 0.8395, 0.356, 0.1905, 0.2385, negative
I, 0.55, 0.42, 0.115, 0.668, 0.2925, 0.137, 0.209, negative
M, 0.685, 0.55, 0.2, 1.7725, 0.813, 0.387, 0.49, negative
M, 0.72, 0.585, 0.22, 1.914, 0.9155, 0.448, 0.479, negative
F, 0.505, 0.385, 0.115, 0.616, 0.243, 0.1075, 0.21, negative
M, 0.5, 0.39, 0.145, 0.651, 0.273, 0.132, 0.22, negative
F, 0.49, 0.385, 0.125, 0.5395, 0.2175, 0.128, 0.165, negative
F, 0.435, 0.35, 0.12, 0.4585, 0.192, 0.1, 0.13, negative
M, 0.465, 0.35, 0.12, 0.5205, 0.2015, 0.1625, 0.185, negative
F, 0.71, 0.565, 0.195, 1.817, 0.785, 0.492, 0.49, negative
M, 0.58, 0.47, 0.165, 0.927, 0.3215, 0.1985, 0.315, negative
I, 0.37, 0.28, 0.09, 0.233, 0.0905, 0.0545, 0.07, negative
F, 0.435, 0.32, 0.12, 0.3785, 0.152, 0.0915, 0.125, negative
I, 0.355, 0.28, 0.1, 0.2275, 0.0935, 0.0455, 0.085, negative
M, 0.655, 0.59, 0.2, 1.5455, 0.654, 0.3765, 0.415, negative
M, 0.585, 0.43, 0.16, 0.955, 0.3625, 0.176, 0.27, negative
F, 0.58, 0.455, 0.12, 0.94, 0.399, 0.257, 0.265, negative
M, 0.59, 0.49, 0.135, 1.008, 0.422, 0.2245, 0.285, negative
M, 0.455, 0.355, 0.13, 0.515, 0.2, 0.1275, 0.175, negative
M, 0.43, 0.345, 0.115, 0.3045, 0.0925, 0.055, 0.12, negative
M, 0.56, 0.455, 0.165, 0.86, 0.4015, 0.1695, 0.245, negative
F, 0.59, 0.47, 0.17, 0.9, 0.355, 0.1905, 0.25, negative
M, 0.505, 0.4, 0.13, 0.764, 0.3035, 0.189, 0.2175, negative
M, 0.635, 0.495, 0.15, 1.081, 0.4825, 0.242, 0.31, negative
F, 0.545, 0.44, 0.175, 0.7745, 0.2985, 0.1875, 0.265, negative
I, 0.525, 0.43, 0.15, 0.7365, 0.3225, 0.161, 0.215, negative
I, 0.47, 0.35, 0.135, 0.567, 0.2315, 0.1465, 0.1525, negative
M, 0.42, 0.34, 0.125, 0.4495, 0.165, 0.1125, 0.144, negative
M, 0.31, 0.235, 0.06, 0.12, 0.0415, 0.033, 0.04, negative
I, 0.52, 0.38, 0.14, 0.525, 0.1775, 0.115, 0.185, negative
F, 0.61, 0.485, 0.165, 1.087, 0.4255, 0.232, 0.38, negative
F, 0.445, 0.335, 0.14, 0.4565, 0.1785, 0.114, 0.14, negative
F, 0.52, 0.405, 0.14, 0.6915, 0.276, 0.137, 0.215, negative
M, 0.615, 0.475, 0.17, 1.1825, 0.474, 0.2895, 0.24, negative
F, 0.63, 0.51, 0.185, 1.235, 0.5115, 0.349, 0.3065, negative
F, 0.475, 0.38, 0.145, 0.57, 0.167, 0.118, 0.187, negative
M, 0.545, 0.45, 0.15, 0.8795, 0.387, 0.15, 0.2625, negative
M, 0.58, 0.46, 0.18, 1.145, 0.48, 0.277, 0.325, negative
F, 0.64, 0.5, 0.18, 1.4995, 0.593, 0.314, 0.431, negative
I, 0.66, 0.525, 0.215, 1.786, 0.6725, 0.3615, 0.4065, negative
F, 0.595, 0.465, 0.15, 1.0255, 0.412, 0.2745, 0.289, negative
F, 0.63, 0.495, 0.2, 1.4255, 0.659, 0.336, 0.38, negative
F, 0.635, 0.495, 0.195, 1.297, 0.556, 0.2985, 0.37, negative
M, 0.625, 0.495, 0.185, 1.3835, 0.7105, 0.3005, 0.345, negative
M, 0.63, 0.505, 0.15, 1.3165, 0.6325, 0.2465, 0.37, negative
M, 0.67, 0.5, 0.2, 1.269, 0.576, 0.2985, 0.351, negative
M, 0.68, 0.52, 0.165, 1.4775, 0.724, 0.279, 0.406, negative
M, 0.68, 0.53, 0.18, 1.529, 0.7635, 0.3115, 0.4025, negative
F, 0.725, 0.53, 0.19, 1.7315, 0.83, 0.398, 0.405, negative
M, 0.735, 0.57, 0.175, 1.88, 0.9095, 0.387, 0.488, negative
M, 0.75, 0.555, 0.215, 2.201, 1.0615, 0.5235, 0.5285, negative
I, 0.555, 0.435, 0.145, 0.6975, 0.262, 0.1575, 0.24, negative
I, 0.56, 0.435, 0.135, 0.72, 0.329, 0.103, 0.251, negative
I, 0.565, 0.43, 0.15, 0.8215, 0.332, 0.1685, 0.29, negative
F, 0.58, 0.465, 0.145, 0.9865, 0.47, 0.2155, 0.25, negative
M, 0.6, 0.495, 0.185, 1.1145, 0.5055, 0.2635, 0.367, negative
F, 0.61, 0.45, 0.13, 0.8725, 0.389, 0.1715, 0.272, negative
M, 0.64, 0.505, 0.155, 1.1955, 0.5565, 0.211, 0.346, negative
F, 0.64, 0.495, 0.17, 1.2265, 0.49, 0.377, 0.2875, negative
M, 0.71, 0.565, 0.2, 1.601, 0.706, 0.321, 0.45, negative
F, 0.65, 0.525, 0.19, 1.385, 0.8875, 0.3095, 0.405, negative
F, 0.655, 0.515, 0.155, 1.309, 0.524, 0.346, 0.385, negative
F, 0.655, 0.515, 0.17, 1.527, 0.8485, 0.2635, 0.331, negative
M, 0.695, 0.54, 0.195, 1.691, 0.768, 0.363, 0.4755, negative
F, 0.72, 0.565, 0.18, 1.719, 0.8465, 0.407, 0.3875, negative
M, 0.74, 0.595, 0.19, 2.3235, 1.1495, 0.5115, 0.505, negative
I, 0.54, 0.425, 0.13, 0.8155, 0.3675, 0.1365, 0.246, negative
M, 0.58, 0.445, 0.15, 0.9525, 0.4315, 0.1945, 0.287, negative
F, 0.58, 0.44, 0.125, 0.7855, 0.363, 0.1955, 0.195, negative
M, 0.6, 0.465, 0.165, 1.0475, 0.465, 0.2345, 0.315, negative
I, 0.61, 0.425, 0.155, 1.0485, 0.507, 0.1955, 0.274, negative
I, 0.61, 0.49, 0.16, 1.1545, 0.5865, 0.2385, 0.2915, negative
F, 0.615, 0.475, 0.175, 1.194, 0.559, 0.259, 0.3165, negative
M, 0.625, 0.495, 0.175, 1.2075, 0.531, 0.281, 0.3525, negative
F, 0.625, 0.5, 0.16, 1.217, 0.5725, 0.207, 0.355, negative
F, 0.635, 0.485, 0.19, 1.3765, 0.634, 0.2885, 0.406, negative
M, 0.635, 0.52, 0.175, 1.292, 0.6, 0.269, 0.367, negative
M, 0.635, 0.515, 0.16, 1.2075, 0.5385, 0.282, 0.345, negative
M, 0.64, 0.505, 0.18, 1.297, 0.59, 0.3125, 0.363, negative
M, 0.64, 0.575, 0.175, 1.4585, 0.625, 0.266, 0.4395, negative
F, 0.645, 0.52, 0.17, 1.197, 0.526, 0.2925, 0.317, negative
F, 0.655, 0.5, 0.205, 1.528, 0.6215, 0.3725, 0.4535, negative
M, 0.68, 0.515, 0.16, 1.2345, 0.618, 0.2625, 0.325, negative
M, 0.715, 0.55, 0.175, 1.825, 0.938, 0.3805, 0.44, negative
F, 0.595, 0.43, 0.21, 1.5245, 0.653, 0.396, 0.41, negative
F, 0.635, 0.525, 0.18, 1.3695, 0.634, 0.318, 0.363, negative
M, 0.64, 0.495, 0.165, 1.307, 0.678, 0.292, 0.266, negative
F, 0.67, 0.515, 0.17, 1.4265, 0.6605, 0.3395, 0.37, negative
M, 0.7, 0.545, 0.185, 1.6135, 0.75, 0.4035, 0.3685, negative
M, 0.585, 0.45, 0.175, 1.1275, 0.4925, 0.262, 0.335, negative
F, 0.6, 0.45, 0.14, 0.869, 0.3425, 0.195, 0.291, negative
F, 0.61, 0.495, 0.16, 1.089, 0.469, 0.198, 0.384, negative
M, 0.615, 0.485, 0.215, 0.9615, 0.422, 0.176, 0.29, negative
I, 0.62, 0.475, 0.16, 0.907, 0.371, 0.167, 0.3075, negative
F, 0.625, 0.515, 0.155, 1.1635, 0.4875, 0.259, 0.355, negative
M, 0.63, 0.515, 0.175, 1.1955, 0.492, 0.247, 0.37, negative
F, 0.635, 0.505, 0.165, 1.251, 0.577, 0.227, 0.3825, negative
F, 0.64, 0.485, 0.145, 1.1335, 0.5525, 0.2505, 0.3015, negative
M, 0.65, 0.505, 0.17, 1.5595, 0.695, 0.3515, 0.395, negative
M, 0.655, 0.54, 0.165, 1.403, 0.6955, 0.2385, 0.42, negative
F, 0.655, 0.455, 0.17, 1.2895, 0.587, 0.3165, 0.3415, negative
M, 0.675, 0.52, 0.145, 1.3645, 0.557, 0.3405, 0.385, negative
F, 0.68, 0.52, 0.185, 1.494, 0.615, 0.3935, 0.406, negative
F, 0.68, 0.56, 0.195, 1.664, 0.58, 0.3855, 0.545, negative
F, 0.695, 0.535, 0.2, 1.5855, 0.667, 0.334, 0.471, negative
F, 0.7, 0.555, 0.22, 1.666, 0.647, 0.4285, 0.455, negative
F, 0.755, 0.575, 0.2, 2.073, 1.0135, 0.4655, 0.48, negative
M, 0.51, 0.395, 0.125, 0.5805, 0.244, 0.1335, 0.188, negative
F, 0.52, 0.43, 0.15, 0.728, 0.302, 0.1575, 0.235, negative
M, 0.545, 0.435, 0.145, 0.9385, 0.3685, 0.1245, 0.345, negative
M, 0.595, 0.455, 0.145, 0.942, 0.43, 0.182, 0.277, negative
M, 0.645, 0.5, 0.18, 1.461, 0.5985, 0.2425, 0.439, negative
M, 0.615, 0.495, 0.155, 1.2865, 0.435, 0.293, 0.3245, negative
M, 0.67, 0.515, 0.165, 1.1735, 0.526, 0.285, 0.316, negative
M, 0.675, 0.505, 0.16, 1.532, 0.74, 0.357, 0.3815, negative
M, 0.535, 0.42, 0.125, 0.764, 0.312, 0.1505, 0.265, negative
I, 0.335, 0.26, 0.09, 0.1835, 0.078, 0.024, 0.065, negative
F, 0.47, 0.375, 0.105, 0.513, 0.232, 0.142, 0.13, negative
F, 0.505, 0.405, 0.18, 0.606, 0.239, 0.1235, 0.18, negative
I, 0.51, 0.405, 0.12, 0.61, 0.229, 0.131, 0.235, negative
M, 0.565, 0.44, 0.115, 0.9185, 0.404, 0.1785, 0.29, negative
F, 0.59, 0.415, 0.15, 0.8805, 0.3645, 0.234, 0.235, negative
M, 0.45, 0.335, 0.14, 0.478, 0.1865, 0.115, 0.16, negative
F, 0.62, 0.485, 0.175, 1.271, 0.531, 0.3075, 0.37, negative
M, 0.5, 0.4, 0.145, 0.6025, 0.216, 0.138, 0.21, negative
M, 0.57, 0.455, 0.15, 0.96, 0.387, 0.2385, 0.275, negative
M, 0.595, 0.5, 0.165, 1.06, 0.402, 0.28, 0.275, negative
F, 0.495, 0.385, 0.135, 0.6625, 0.3005, 0.1635, 0.185, negative
M, 0.465, 0.36, 0.125, 0.4365, 0.169, 0.1075, 0.145, negative
M, 0.55, 0.45, 0.17, 0.81, 0.317, 0.157, 0.22, negative
F, 0.59, 0.475, 0.155, 0.9715, 0.371, 0.235, 0.28, negative
M, 0.565, 0.44, 0.155, 0.868, 0.348, 0.217, 0.26, negative
F, 0.495, 0.375, 0.15, 0.597, 0.2615, 0.135, 0.178, negative
F, 0.66, 0.525, 0.19, 1.67, 0.6525, 0.4875, 0.49, negative
M, 0.4, 0.31, 0.11, 0.314, 0.138, 0.057, 0.1, negative
I, 0.45, 0.355, 0.115, 0.4385, 0.184, 0.108, 0.1125, negative
I, 0.49, 0.385, 0.14, 0.5425, 0.198, 0.127, 0.175, negative
F, 0.51, 0.34, 0.18, 0.7005, 0.312, 0.165, 0.2, negative
F, 0.45, 0.35, 0.125, 0.4435, 0.185, 0.09, 0.145, negative
M, 0.415, 0.32, 0.1, 0.3005, 0.1215, 0.0575, 0.104, negative
I, 0.445, 0.345, 0.13, 0.4075, 0.1365, 0.0645, 0.18, negative
M, 0.33, 0.245, 0.085, 0.171, 0.0655, 0.0365, 0.055, negative
I, 0.44, 0.31, 0.115, 0.3625, 0.134, 0.082, 0.12, negative
M, 0.6, 0.475, 0.15, 1.089, 0.5195, 0.223, 0.292, negative
F, 0.625, 0.495, 0.16, 1.1115, 0.4495, 0.2825, 0.345, negative
M, 0.625, 0.485, 0.17, 1.437, 0.5855, 0.293, 0.475, negative
F, 0.615, 0.49, 0.19, 1.1345, 0.4695, 0.257, 0.348, negative
F, 0.64, 0.5, 0.165, 1.1635, 0.554, 0.239, 0.32, negative
M, 0.655, 0.52, 0.18, 1.492, 0.7185, 0.36, 0.355, negative
F, 0.655, 0.54, 0.175, 1.5585, 0.7285, 0.402, 0.385, negative
F, 0.7, 0.575, 0.2, 1.7365, 0.7755, 0.3965, 0.461, negative
F, 0.7, 0.56, 0.175, 1.6605, 0.8605, 0.3275, 0.398, negative
M, 0.71, 0.57, 0.195, 1.348, 0.8985, 0.4435, 0.4535, negative
I, 0.58, 0.47, 0.15, 0.907, 0.444, 0.1855, 0.2445, negative
F, 0.6, 0.475, 0.155, 1.059, 0.441, 0.19, 0.39, negative
I, 0.63, 0.465, 0.15, 1.0315, 0.4265, 0.24, 0.325, negative
M, 0.65, 0.515, 0.18, 1.463, 0.658, 0.3135, 0.4115, negative
F, 0.65, 0.52, 0.195, 1.6275, 0.689, 0.3905, 0.432, negative
M, 0.655, 0.525, 0.16, 1.46, 0.686, 0.311, 0.405, negative
M, 0.66, 0.515, 0.2, 1.6465, 0.749, 0.422, 0.401, negative
M, 0.685, 0.53, 0.17, 1.56, 0.647, 0.383, 0.465, negative
F, 0.61, 0.49, 0.17, 1.3475, 0.7045, 0.25, 0.3045, negative
M, 0.615, 0.475, 0.155, 1.0735, 0.4375, 0.2585, 0.31, negative
M, 0.63, 0.515, 0.17, 1.385, 0.6355, 0.2955, 0.38, negative
I, 0.53, 0.395, 0.125, 0.6235, 0.2975, 0.108, 0.195, negative
F, 0.585, 0.42, 0.155, 1.034, 0.437, 0.2225, 0.32, negative
M, 0.605, 0.49, 0.165, 1.1245, 0.492, 0.222, 0.3555, negative
M, 0.615, 0.47, 0.175, 1.242, 0.5675, 0.287, 0.317, negative
M, 0.62, 0.5, 0.18, 1.3915, 0.726, 0.2795, 0.332, negative
I, 0.62, 0.47, 0.155, 0.966, 0.447, 0.171, 0.284, negative
I, 0.63, 0.49, 0.17, 1.217, 0.5515, 0.212, 0.31, negative
M, 0.65, 0.52, 0.17, 1.3655, 0.6155, 0.2885, 0.36, negative
M, 0.65, 0.495, 0.17, 1.276, 0.6215, 0.2305, 0.399, negative
M, 0.65, 0.525, 0.19, 1.3685, 0.5975, 0.296, 0.4, negative
F, 0.665, 0.54, 0.195, 1.764, 0.8505, 0.3615, 0.47, negative
F, 0.67, 0.51, 0.155, 1.278, 0.5605, 0.3045, 0.358, negative
F, 0.675, 0.535, 0.185, 1.5575, 0.7035, 0.402, 0.4, negative
M, 0.675, 0.51, 0.17, 1.527, 0.809, 0.318, 0.341, negative
M, 0.685, 0.535, 0.175, 1.432, 0.637, 0.247, 0.46, negative
M, 0.705, 0.55, 0.21, 1.4385, 0.655, 0.3255, 0.462, negative
M, 0.71, 0.555, 0.175, 2.14, 1.2455, 0.3725, 0.434, negative
F, 0.725, 0.56, 0.185, 1.792, 0.873, 0.367, 0.435, negative
M, 0.78, 0.6, 0.21, 2.548, 1.1945, 0.5745, 0.6745, negative
F, 0.65, 0.5, 0.17, 1.4045, 0.694, 0.318, 0.3235, negative
I, 0.53, 0.41, 0.15, 0.612, 0.2435, 0.1525, 0.1895, negative
M, 0.62, 0.48, 0.155, 1.2555, 0.527, 0.374, 0.3175, negative
F, 0.65, 0.495, 0.175, 1.227, 0.528, 0.258, 0.37, negative
F, 0.705, 0.56, 0.17, 1.4575, 0.607, 0.318, 0.44, negative
M, 0.625, 0.47, 0.17, 1.1665, 0.4605, 0.2565, 0.3945, negative
M, 0.68, 0.54, 0.195, 1.7825, 0.5565, 0.3235, 0.4285, negative
M, 0.68, 0.52, 0.175, 1.543, 0.7525, 0.351, 0.374, negative
M, 0.535, 0.41, 0.15, 0.8105, 0.345, 0.187, 0.24, negative
M, 0.5, 0.42, 0.125, 0.62, 0.255, 0.15, 0.205, negative
M, 0.455, 0.35, 0.105, 0.416, 0.1625, 0.097, 0.145, negative
F, 0.485, 0.4, 0.155, 0.731, 0.236, 0.183, 0.255, negative
I, 0.54, 0.4, 0.145, 0.757, 0.315, 0.181, 0.215, negative
I, 0.56, 0.445, 0.165, 1.0285, 0.4535, 0.253, 0.275, negative
F, 0.49, 0.37, 0.115, 0.541, 0.171, 0.1175, 0.185, negative
M, 0.52, 0.41, 0.115, 0.77, 0.263, 0.157, 0.26, negative
M, 0.505, 0.39, 0.105, 0.6555, 0.2595, 0.18, 0.19, negative
F, 0.525, 0.4, 0.115, 0.6295, 0.2555, 0.144, 0.18, negative
F, 0.68, 0.55, 0.19, 1.807, 0.8225, 0.3655, 0.515, negative
M, 0.69, 0.55, 0.195, 1.777, 0.769, 0.38, 0.4305, negative
M, 0.63, 0.48, 0.185, 1.21, 0.53, 0.2555, 0.322, negative
F, 0.655, 0.545, 0.185, 1.759, 0.6865, 0.313, 0.547, negative
F, 0.585, 0.46, 0.15, 1.0035, 0.503, 0.2105, 0.2515, negative
M, 0.66, 0.505, 0.19, 1.4385, 0.6775, 0.285, 0.178, negative
F, 0.68, 0.55, 0.175, 1.473, 0.713, 0.282, 0.4295, negative
M, 0.72, 0.545, 0.195, 1.7475, 0.8215, 0.383, 0.4705, negative
I, 0.52, 0.41, 0.14, 0.5995, 0.242, 0.1375, 0.182, negative
I, 0.56, 0.44, 0.155, 0.811, 0.3685, 0.178, 0.235, negative
M, 0.6, 0.46, 0.155, 0.6655, 0.285, 0.149, 0.269, negative
M, 0.62, 0.485, 0.145, 1.003, 0.4655, 0.2195, 0.28, negative
M, 0.645, 0.51, 0.165, 1.403, 0.5755, 0.2515, 0.4545, negative
F, 0.69, 0.535, 0.185, 1.826, 0.797, 0.409, 0.499, negative
F, 0.63, 0.515, 0.16, 1.336, 0.553, 0.3205, 0.35, negative
M, 0.585, 0.51, 0.16, 1.218, 0.639, 0.241, 0.3, negative
M, 0.615, 0.475, 0.205, 1.337, 0.5995, 0.2815, 0.37, negative
F, 0.625, 0.49, 0.19, 1.7015, 0.7465, 0.4105, 0.3855, negative
F, 0.635, 0.485, 0.155, 1.073, 0.467, 0.1975, 0.35, negative
F, 0.675, 0.51, 0.15, 1.1965, 0.475, 0.304, 0.386, negative
M, 0.68, 0.545, 0.185, 1.672, 0.7075, 0.364, 0.48, negative
F, 0.71, 0.545, 0.175, 1.907, 0.8725, 0.4565, 0.475, negative
F, 0.72, 0.59, 0.205, 1.7495, 0.7755, 0.4225, 0.48, negative
M, 0.55, 0.42, 0.145, 0.7385, 0.321, 0.1485, 0.252, negative
M, 0.585, 0.45, 0.15, 0.997, 0.4055, 0.283, 0.251, negative
F, 0.6, 0.5, 0.17, 1.13, 0.4405, 0.267, 0.335, negative
M, 0.63, 0.49, 0.155, 1.229, 0.535, 0.29, 0.335, negative
F, 0.65, 0.505, 0.165, 1.357, 0.5725, 0.281, 0.43, negative
M, 0.67, 0.535, 0.19, 1.669, 0.7465, 0.2935, 0.508, negative
M, 0.67, 0.525, 0.2, 1.7405, 0.6205, 0.297, 0.657, negative
M, 0.695, 0.55, 0.195, 1.6645, 0.727, 0.36, 0.445, negative
M, 0.77, 0.605, 0.175, 2.0505, 0.8005, 0.526, 0.355, negative
F, 0.585, 0.475, 0.165, 1.053, 0.458, 0.217, 0.3, negative
F, 0.585, 0.455, 0.17, 0.9945, 0.4255, 0.263, 0.2845, negative
F, 0.565, 0.45, 0.165, 0.887, 0.37, 0.239, 0.249, negative
M, 0.53, 0.42, 0.165, 0.8945, 0.319, 0.239, 0.245, negative
M, 0.385, 0.31, 0.1, 0.2845, 0.1065, 0.075, 0.1, negative
M, 0.63, 0.49, 0.19, 1.1775, 0.4935, 0.3365, 0.285, negative
F, 0.615, 0.525, 0.155, 1.0385, 0.427, 0.2315, 0.345, negative
F, 0.44, 0.355, 0.115, 0.415, 0.1585, 0.0925, 0.131, negative
M, 0.465, 0.36, 0.08, 0.488, 0.191, 0.125, 0.155, negative
F, 0.625, 0.49, 0.2, 1.3825, 0.5895, 0.285, 0.381, negative
F, 0.595, 0.47, 0.155, 1.121, 0.4515, 0.178, 0.155, negative
M, 0.65, 0.5, 0.155, 1.202, 0.565, 0.3135, 0.294, negative
M, 0.645, 0.51, 0.155, 1.539, 0.6405, 0.3585, 0.43, negative
F, 0.645, 0.505, 0.165, 1.318, 0.55, 0.3015, 0.335, negative
I, 0.53, 0.42, 0.13, 0.8365, 0.3745, 0.167, 0.249, negative
M, 0.665, 0.505, 0.16, 1.289, 0.6145, 0.253, 0.3665, negative
M, 0.71, 0.56, 0.22, 2.015, 0.9215, 0.454, 0.566, negative
M, 0.6, 0.495, 0.175, 1.3005, 0.6195, 0.284, 0.3285, negative
I, 0.575, 0.45, 0.135, 0.8245, 0.3375, 0.2115, 0.239, negative
F, 0.61, 0.47, 0.165, 1.1785, 0.566, 0.2785, 0.294, negative
M, 0.62, 0.49, 0.16, 1.035, 0.44, 0.2525, 0.285, negative
F, 0.585, 0.485, 0.15, 1.079, 0.4145, 0.2115, 0.356, negative
F, 0.645, 0.5, 0.2, 1.4285, 0.639, 0.305, 0.36, negative
F, 0.44, 0.345, 0.105, 0.4285, 0.165, 0.083, 0.132, negative
M, 0.5, 0.39, 0.13, 0.709, 0.275, 0.168, 0.18, negative
F, 0.635, 0.495, 0.18, 1.596, 0.617, 0.317, 0.37, negative
M, 0.48, 0.375, 0.12, 0.5895, 0.2535, 0.128, 0.172, negative
F, 0.66, 0.525, 0.2, 1.463, 0.6525, 0.2995, 0.422, negative
M, 0.665, 0.515, 0.19, 1.6385, 0.831, 0.3575, 0.371, negative
M, 0.61, 0.48, 0.14, 1.0625, 0.516, 0.225, 0.2915, negative
I, 0.52, 0.41, 0.14, 0.6625, 0.2775, 0.1555, 0.196, negative
I, 0.52, 0.395, 0.115, 0.6445, 0.3155, 0.1245, 0.186, negative
I, 0.55, 0.445, 0.145, 0.783, 0.3045, 0.157, 0.265, negative
M, 0.5, 0.385, 0.135, 0.551, 0.2245, 0.0715, 0.206, negative
M, 0.41, 0.31, 0.125, 0.3595, 0.1415, 0.0885, 0.115, negative
F, 0.63, 0.475, 0.15, 1.172, 0.536, 0.254, 0.316, negative
F, 0.665, 0.52, 0.165, 1.6885, 0.7295, 0.407, 0.4265, negative
M, 0.72, 0.565, 0.2, 1.787, 0.718, 0.385, 0.529, negative
F, 0.72, 0.545, 0.185, 1.7185, 0.7925, 0.401, 0.468, negative
M, 0.6, 0.475, 0.23, 1.157, 0.522, 0.2235, 0.36, negative
M, 0.625, 0.49, 0.165, 1.1835, 0.517, 0.2375, 0.39, negative
I, 0.625, 0.485, 0.16, 1.15, 0.5255, 0.257, 0.3315, negative
M, 0.67, 0.54, 0.195, 1.217, 0.532, 0.2735, 0.3315, negative
F, 0.62, 0.5, 0.175, 1.107, 0.4895, 0.24, 0.343, negative
F, 0.675, 0.54, 0.21, 1.593, 0.686, 0.318, 0.45, negative
I, 0.565, 0.43, 0.135, 0.8545, 0.321, 0.1775, 0.275, negative
F, 0.67, 0.52, 0.195, 1.8065, 0.758, 0.3735, 0.5055, negative
I, 0.55, 0.445, 0.125, 0.672, 0.288, 0.1365, 0.21, negative
M, 0.56, 0.45, 0.145, 0.9355, 0.425, 0.1645, 0.2725, negative
M, 0.63, 0.485, 0.18, 1.2435, 0.5175, 0.308, 0.37, negative
I, 0.58, 0.425, 0.145, 0.83, 0.379, 0.1605, 0.2575, negative
M, 0.63, 0.505, 0.155, 1.105, 0.492, 0.226, 0.325, negative
M, 0.5, 0.4, 0.13, 0.6645, 0.258, 0.133, 0.24, negative
F, 0.565, 0.44, 0.155, 0.9395, 0.4275, 0.214, 0.27, negative
M, 0.59, 0.445, 0.14, 0.931, 0.356, 0.234, 0.28, negative
F, 0.565, 0.44, 0.16, 0.915, 0.354, 0.1935, 0.32, negative
M, 0.62, 0.51, 0.175, 1.615, 0.5105, 0.192, 0.675, negative
F, 0.57, 0.465, 0.18, 1.295, 0.339, 0.2225, 0.44, negative
F, 0.575, 0.45, 0.16, 0.9775, 0.3135, 0.231, 0.33, negative
M, 0.555, 0.44, 0.15, 0.755, 0.307, 0.1525, 0.26, negative
M, 0.605, 0.47, 0.16, 1.1735, 0.4975, 0.2405, 0.345, negative
F, 0.52, 0.41, 0.155, 0.727, 0.291, 0.1835, 0.235, negative
F, 0.565, 0.45, 0.135, 0.9885, 0.387, 0.1495, 0.31, negative
M, 0.61, 0.485, 0.175, 1.2445, 0.544, 0.297, 0.345, negative
F, 0.68, 0.515, 0.175, 1.6185, 0.5125, 0.409, 0.62, negative
F, 0.645, 0.51, 0.2, 1.5675, 0.621, 0.367, 0.46, negative
F, 0.63, 0.48, 0.15, 1.0525, 0.392, 0.336, 0.285, negative
M, 0.61, 0.485, 0.17, 1.0225, 0.419, 0.2405, 0.36, negative
M, 0.5, 0.405, 0.155, 0.772, 0.346, 0.1535, 0.245, negative
F, 0.5, 0.4, 0.145, 0.63, 0.234, 0.1465, 0.23, negative
F, 0.415, 0.325, 0.105, 0.38, 0.1595, 0.0785, 0.12, negative
I, 0.44, 0.35, 0.135, 0.435, 0.1815, 0.083, 0.125, negative
F, 0.595, 0.455, 0.155, 1.0605, 0.5135, 0.2165, 0.3, negative
F, 0.57, 0.44, 0.125, 0.865, 0.3675, 0.1725, 0.27, negative
F, 0.66, 0.53, 0.185, 1.3485, 0.493, 0.245, 0.49, negative
F, 0.565, 0.505, 0.21, 1.2765, 0.501, 0.279, 0.355, negative
M, 0.51, 0.4, 0.13, 0.6435, 0.27, 0.1665, 0.205, negative
M, 0.62, 0.465, 0.185, 1.274, 0.579, 0.3065, 0.32, negative
F, 0.505, 0.375, 0.18, 0.568, 0.2325, 0.1495, 0.17, negative
M, 0.57, 0.46, 0.14, 0.9535, 0.4465, 0.2065, 0.245, negative
F, 0.59, 0.465, 0.15, 0.997, 0.392, 0.246, 0.34, negative
F, 0.62, 0.5, 0.175, 1.186, 0.4985, 0.3015, 0.35, negative
M, 0.63, 0.49, 0.18, 1.13, 0.458, 0.2765, 0.315, negative
F, 0.61, 0.495, 0.185, 1.1085, 0.3705, 0.3135, 0.33, negative
M, 0.47, 0.375, 0.12, 0.5565, 0.226, 0.122, 0.195, negative
M, 0.54, 0.42, 0.155, 0.7385, 0.3515, 0.152, 0.215, negative
M, 0.535, 0.44, 0.15, 0.6765, 0.256, 0.139, 0.26, negative
F, 0.525, 0.44, 0.15, 0.8425, 0.3685, 0.1985, 0.24, negative
M, 0.545, 0.44, 0.12, 0.8565, 0.3475, 0.1715, 0.24, negative
F, 0.585, 0.465, 0.17, 0.9915, 0.3865, 0.224, 0.265, negative
F, 0.67, 0.55, 0.19, 1.3905, 0.5425, 0.3035, 0.4, negative
M, 0.63, 0.48, 0.145, 1.0115, 0.4235, 0.237, 0.305, negative
F, 0.64, 0.52, 0.175, 1.248, 0.4245, 0.2595, 0.48, negative
F, 0.58, 0.44, 0.18, 0.854, 0.3665, 0.1635, 0.245, negative
M, 0.56, 0.46, 0.235, 0.8395, 0.3325, 0.157, 0.305, negative
F, 0.57, 0.45, 0.16, 0.9715, 0.3965, 0.255, 0.26, negative
I, 0.47, 0.37, 0.12, 0.4705, 0.1845, 0.1055, 0.155, negative
F, 0.565, 0.45, 0.16, 0.795, 0.3605, 0.1555, 0.23, negative
I, 0.56, 0.44, 0.165, 0.8, 0.335, 0.1735, 0.25, negative
F, 0.66, 0.5, 0.165, 1.1905, 0.4585, 0.298, 0.37, negative
I, 0.485, 0.355, 0.13, 0.581, 0.245, 0.132, 0.168, negative
I, 0.435, 0.33, 0.125, 0.406, 0.1685, 0.1055, 0.096, negative
M, 0.535, 0.42, 0.15, 0.6995, 0.2575, 0.153, 0.24, negative
I, 0.605, 0.495, 0.145, 1.054, 0.369, 0.2255, 0.36, negative
I, 0.515, 0.39, 0.14, 0.5555, 0.2, 0.1135, 0.2235, negative
M, 0.35, 0.265, 0.09, 0.1775, 0.0575, 0.042, 0.068, negative
F, 0.44, 0.345, 0.17, 0.4085, 0.15, 0.0825, 0.1515, negative
F, 0.47, 0.355, 0.14, 0.433, 0.1525, 0.095, 0.152, negative
F, 0.5, 0.385, 0.115, 0.6785, 0.2945, 0.138, 0.195, negative
F, 0.525, 0.405, 0.16, 0.658, 0.2655, 0.1125, 0.225, negative
F, 0.38, 0.305, 0.105, 0.281, 0.1045, 0.0615, 0.09, negative
M, 0.54, 0.415, 0.145, 0.74, 0.2635, 0.168, 0.245, negative
M, 0.385, 0.285, 0.105, 0.2905, 0.1215, 0.0685, 0.0875, negative
M, 0.395, 0.295, 0.115, 0.316, 0.1205, 0.0595, 0.1105, negative
F, 0.48, 0.375, 0.105, 0.525, 0.2185, 0.1195, 0.155, negative
F, 0.52, 0.405, 0.125, 0.6435, 0.2415, 0.1735, 0.21, negative
M, 0.505, 0.385, 0.15, 0.6415, 0.246, 0.152, 0.215, negative
M, 0.495, 0.385, 0.135, 0.709, 0.211, 0.1375, 0.262, negative
F, 0.6, 0.465, 0.165, 0.8875, 0.309, 0.246, 0.262, negative
M, 0.575, 0.45, 0.165, 0.9215, 0.3275, 0.225, 0.256, negative
M, 0.58, 0.465, 0.16, 1.0345, 0.315, 0.26, 0.3635, negative
F, 0.52, 0.41, 0.115, 0.807, 0.2855, 0.179, 0.235, negative
M, 0.505, 0.405, 0.14, 0.875, 0.2665, 0.174, 0.285, negative
F, 0.595, 0.465, 0.14, 1.113, 0.5175, 0.244, 0.305, negative
F, 0.615, 0.5, 0.175, 1.377, 0.5585, 0.33, 0.292, negative
M, 0.615, 0.505, 0.165, 1.34, 0.5315, 0.2815, 0.41, negative
F, 0.675, 0.525, 0.17, 1.8095, 0.784, 0.391, 0.455, negative
F, 0.675, 0.565, 0.195, 1.8375, 0.7645, 0.3615, 0.553, negative
M, 0.68, 0.535, 0.185, 1.607, 0.7245, 0.3215, 0.498, negative
F, 0.705, 0.535, 0.18, 1.685, 0.693, 0.42, 0.4045, negative
M, 0.7, 0.575, 0.19, 2.273, 1.095, 0.418, 0.638, negative
M, 0.715, 0.55, 0.19, 2.0045, 1.0465, 0.407, 0.5075, negative
M, 0.725, 0.505, 0.185, 1.978, 1.026, 0.4255, 0.4505, negative
F, 0.73, 0.575, 0.185, 1.8795, 0.931, 0.38, 0.4825, negative
F, 0.595, 0.465, 0.155, 1.026, 0.4645, 0.112, 0.305, negative
F, 0.605, 0.47, 0.16, 1.0835, 0.5405, 0.2215, 0.275, negative
M, 0.61, 0.48, 0.165, 1.244, 0.6345, 0.257, 0.305, negative
F, 0.615, 0.475, 0.165, 1.023, 0.4905, 0.1955, 0.3035, negative
M, 0.62, 0.495, 0.18, 1.2555, 0.5765, 0.254, 0.355, negative
F, 0.625, 0.48, 0.155, 1.2035, 0.5865, 0.239, 0.3185, negative
M, 0.63, 0.495, 0.16, 1.093, 0.497, 0.221, 0.315, negative
F, 0.7, 0.545, 0.13, 1.556, 0.6725, 0.374, 0.195, negative
F, 0.705, 0.57, 0.18, 1.5345, 0.96, 0.4195, 0.43, negative
M, 0.72, 0.575, 0.215, 2.173, 0.9515, 0.564, 0.5365, negative
F, 0.735, 0.565, 0.205, 2.1275, 0.949, 0.46, 0.565, negative
F, 0.68, 0.5, 0.185, 1.741, 0.7665, 0.3255, 0.4685, negative
M, 0.69, 0.525, 0.2, 1.7825, 0.9165, 0.3325, 0.461, negative
M, 0.72, 0.565, 0.2, 2.1055, 1.017, 0.363, 0.494, negative
I, 0.55, 0.42, 0.135, 0.816, 0.3995, 0.1485, 0.23, negative
I, 0.57, 0.445, 0.145, 0.7405, 0.306, 0.172, 0.1825, negative
F, 0.61, 0.485, 0.15, 1.2405, 0.6025, 0.2915, 0.3085, negative
I, 0.62, 0.485, 0.18, 1.154, 0.4935, 0.256, 0.315, negative
F, 0.62, 0.48, 0.18, 1.2215, 0.582, 0.2695, 0.313, negative
I, 0.625, 0.47, 0.155, 1.1955, 0.643, 0.2055, 0.3145, negative
M, 0.635, 0.5, 0.17, 1.4345, 0.611, 0.309, 0.418, negative
F, 0.645, 0.48, 0.19, 1.371, 0.6925, 0.2905, 0.35, negative
F, 0.655, 0.505, 0.19, 1.3485, 0.5935, 0.2745, 0.425, negative
F, 0.66, 0.535, 0.175, 1.5175, 0.711, 0.3125, 0.415, negative
M, 0.665, 0.52, 0.175, 1.3725, 0.606, 0.32, 0.395, negative
M, 0.67, 0.505, 0.16, 1.2585, 0.6255, 0.311, 0.308, negative
F, 0.69, 0.55, 0.2, 1.569, 0.687, 0.3675, 0.46, negative
F, 0.71, 0.57, 0.195, 1.9805, 0.9925, 0.4925, 0.48, negative
M, 0.75, 0.595, 0.205, 2.2205, 1.083, 0.421, 0.63, negative
M, 0.77, 0.62, 0.195, 2.5155, 1.1155, 0.6415, 0.642, negative
M, 0.775, 0.63, 0.25, 2.7795, 1.3485, 0.76, 0.578, negative
F, 0.615, 0.495, 0.16, 1.255, 0.5815, 0.3195, 0.3225, negative
M, 0.62, 0.485, 0.155, 1.0295, 0.425, 0.2315, 0.335, negative
M, 0.635, 0.525, 0.16, 1.195, 0.5435, 0.246, 0.335, negative
M, 0.635, 0.5, 0.165, 1.273, 0.6535, 0.213, 0.365, negative
F, 0.645, 0.51, 0.18, 1.6195, 0.7815, 0.322, 0.4675, negative
M, 0.665, 0.515, 0.2, 1.2695, 0.5115, 0.2675, 0.436, negative
M, 0.665, 0.525, 0.18, 1.429, 0.6715, 0.29, 0.4, negative
F, 0.67, 0.53, 0.205, 1.4015, 0.643, 0.2465, 0.416, negative
M, 0.68, 0.54, 0.19, 1.623, 0.7165, 0.354, 0.4715, negative
M, 0.7, 0.55, 0.175, 1.4405, 0.6565, 0.2985, 0.375, negative
F, 0.72, 0.575, 0.18, 1.6705, 0.732, 0.3605, 0.501, negative
M, 0.505, 0.395, 0.135, 0.5915, 0.288, 0.1315, 0.185, negative
M, 0.605, 0.445, 0.14, 0.982, 0.4295, 0.2085, 0.295, negative
F, 0.69, 0.54, 0.195, 1.2525, 0.73, 0.3975, 0.462, negative
F, 0.72, 0.575, 0.215, 2.1, 0.8565, 0.4825, 0.602, negative
M, 0.62, 0.51, 0.175, 1.1505, 0.4375, 0.2265, 0.4, negative
M, 0.595, 0.47, 0.15, 0.8915, 0.359, 0.2105, 0.245, negative
M, 0.565, 0.425, 0.1, 0.7145, 0.3055, 0.166, 0.18, negative
M, 0.46, 0.375, 0.135, 0.4935, 0.186, 0.0845, 0.17, negative
M, 0.61, 0.5, 0.165, 1.2715, 0.4915, 0.185, 0.49, negative
F, 0.64, 0.51, 0.2, 1.3905, 0.61, 0.3315, 0.41, negative
M, 0.575, 0.45, 0.185, 0.925, 0.342, 0.197, 0.35, negative
M, 0.47, 0.37, 0.135, 0.547, 0.222, 0.1325, 0.17, negative
F, 0.505, 0.39, 0.175, 0.692, 0.267, 0.15, 0.215, negative
M, 0.415, 0.315, 0.125, 0.388, 0.068, 0.09, 0.125, negative
F, 0.585, 0.455, 0.165, 0.998, 0.345, 0.2495, 0.315, negative
M, 0.51, 0.395, 0.145, 0.6185, 0.216, 0.1385, 0.24, negative
M, 0.57, 0.45, 0.16, 0.8615, 0.3725, 0.2175, 0.255, negative
M, 0.525, 0.425, 0.12, 0.702, 0.3335, 0.1465, 0.22, negative
F, 0.65, 0.5, 0.165, 1.1445, 0.485, 0.218, 0.365, negative
F, 0.505, 0.385, 0.135, 0.6185, 0.251, 0.1175, 0.2, negative
F, 0.515, 0.435, 0.17, 0.631, 0.2765, 0.111, 0.216, negative
M, 0.55, 0.45, 0.155, 0.7895, 0.343, 0.159, 0.25, negative
F, 0.63, 0.505, 0.165, 1.065, 0.4595, 0.216, 0.315, negative
I, 0.56, 0.44, 0.17, 0.9445, 0.3545, 0.2175, 0.3, negative
F, 0.405, 0.325, 0.11, 0.3575, 0.145, 0.0725, 0.11, negative
F, 0.5, 0.405, 0.15, 0.5965, 0.253, 0.126, 0.185, negative
I, 0.535, 0.41, 0.155, 0.6315, 0.2745, 0.1415, 0.1815, negative
I, 0.415, 0.325, 0.115, 0.3285, 0.1405, 0.051, 0.106, negative
F, 0.45, 0.345, 0.115, 0.496, 0.1905, 0.117, 0.14, negative
F, 0.585, 0.415, 0.155, 0.6985, 0.3, 0.146, 0.195, negative
I, 0.625, 0.43, 0.175, 1.411, 0.572, 0.297, 0.395, negative
F, 0.505, 0.38, 0.145, 0.651, 0.2935, 0.19, 0.17, negative
F, 0.475, 0.365, 0.13, 0.4805, 0.1905, 0.114, 0.1475, negative
M, 0.5, 0.38, 0.135, 0.5835, 0.2295, 0.1265, 0.18, negative
M, 0.52, 0.4, 0.165, 0.8565, 0.2745, 0.201, 0.21, negative
M, 0.45, 0.36, 0.16, 0.567, 0.174, 0.1245, 0.225, negative
M, 0.505, 0.4, 0.155, 0.8415, 0.2715, 0.1775, 0.285, negative
F, 0.48, 0.39, 0.125, 0.6905, 0.219, 0.155, 0.2, negative
M, 0.64, 0.585, 0.195, 1.647, 0.7225, 0.331, 0.471, negative
F, 0.655, 0.545, 0.165, 1.6225, 0.6555, 0.299, 0.513, negative
M, 0.645, 0.5, 0.175, 1.5105, 0.6735, 0.3755, 0.3775, negative
M, 0.695, 0.525, 0.175, 1.742, 0.696, 0.389, 0.505, negative
M, 0.765, 0.585, 0.18, 2.398, 1.128, 0.512, 0.5335, negative
F, 0.74, 0.575, 0.22, 2.012, 0.8915, 0.5265, 0.471, negative
M, 0.63, 0.505, 0.175, 1.221, 0.555, 0.252, 0.34, negative
M, 0.63, 0.47, 0.15, 1.1355, 0.539, 0.2325, 0.3115, negative
M, 0.65, 0.51, 0.175, 1.446, 0.6485, 0.2705, 0.45, negative
F, 0.635, 0.51, 0.185, 1.286, 0.526, 0.295, 0.4105, negative
F, 0.61, 0.47, 0.195, 1.2735, 0.469, 0.3315, 0.398, negative
F, 0.645, 0.485, 0.15, 1.151, 0.5935, 0.2315, 0.293, negative
M, 0.645, 0.495, 0.19, 1.539, 0.6115, 0.408, 0.445, negative
F, 0.65, 0.565, 0.2, 1.6645, 0.753, 0.367, 0.43, negative
F, 0.655, 0.515, 0.2, 1.494, 0.7255, 0.309, 0.405, negative
F, 0.67, 0.525, 0.19, 1.527, 0.5755, 0.353, 0.44, negative
F, 0.68, 0.505, 0.17, 1.3435, 0.657, 0.297, 0.355, negative
M, 0.735, 0.59, 0.205, 2.087, 0.909, 0.474, 0.625, negative
F, 0.75, 0.615, 0.205, 2.2635, 0.821, 0.423, 0.726, negative
M, 0.595, 0.47, 0.175, 0.991, 0.382, 0.2395, 0.5, negative
M, 0.65, 0.51, 0.175, 1.3165, 0.6345, 0.2605, 0.364, negative
F, 0.71, 0.53, 0.195, 1.8745, 0.6755, 0.4065, 0.6855, negative
F, 0.49, 0.38, 0.13, 0.539, 0.229, 0.1355, 0.165, negative
F, 0.61, 0.47, 0.16, 1.017, 0.426, 0.2255, 0.32, negative
M, 0.565, 0.45, 0.14, 1.0055, 0.3785, 0.244, 0.265, negative
F, 0.64, 0.505, 0.19, 1.2765, 0.4835, 0.328, 0.4, negative
M, 0.48, 0.38, 0.13, 0.6175, 0.3, 0.142, 0.175, negative
F, 0.575, 0.48, 0.15, 0.8745, 0.375, 0.193, 0.29, negative
F, 0.645, 0.52, 0.19, 1.3105, 0.58, 0.288, 0.37, negative
F, 0.595, 0.465, 0.145, 1.107, 0.402, 0.2415, 0.31, negative
M, 0.46, 0.355, 0.11, 0.415, 0.215, 0.082, 0.13, negative
M, 0.485, 0.385, 0.125, 0.4775, 0.2, 0.0785, 0.17, negative
M, 0.525, 0.415, 0.16, 0.6445, 0.26, 0.1575, 0.22, negative
M, 0.55, 0.46, 0.13, 0.7085, 0.305, 0.1455, 0.205, negative
F, 0.51, 0.395, 0.12, 0.6175, 0.262, 0.122, 0.193, negative
F, 0.565, 0.45, 0.185, 0.9285, 0.302, 0.1805, 0.265, negative
F, 0.48, 0.38, 0.135, 0.507, 0.1915, 0.1365, 0.155, negative
F, 0.395, 0.3, 0.105, 0.3375, 0.1435, 0.0755, 0.098, negative
I, 0.55, 0.415, 0.135, 0.8095, 0.2985, 0.2015, 0.28, negative
I, 0.45, 0.36, 0.125, 0.45, 0.191, 0.0865, 0.145, negative
F, 0.425, 0.325, 0.135, 0.382, 0.1465, 0.079, 0.14, negative
F, 0.585, 0.475, 0.185, 0.8575, 0.3465, 0.1785, 0.275, negative
F, 0.49, 0.39, 0.135, 0.59, 0.215, 0.125, 0.1845, negative
F, 0.48, 0.38, 0.145, 0.59, 0.232, 0.141, 0.23, negative
M, 0.455, 0.345, 0.125, 0.44, 0.169, 0.1065, 0.135, negative
F, 0.475, 0.375, 0.15, 0.559, 0.1955, 0.1215, 0.1945, negative
F, 0.61, 0.48, 0.16, 1.234, 0.598, 0.238, 0.315, negative
M, 0.6, 0.475, 0.16, 1.164, 0.5045, 0.2635, 0.335, negative
F, 0.69, 0.525, 0.19, 1.492, 0.6425, 0.3905, 0.42, negative
M, 0.65, 0.515, 0.185, 1.3745, 0.75, 0.1805, 0.369, negative
F, 0.66, 0.5, 0.155, 1.3765, 0.6485, 0.288, 0.335, negative
M, 0.735, 0.555, 0.22, 2.333, 1.2395, 0.3645, 0.6195, negative
F, 0.64, 0.5, 0.17, 1.12, 0.4955, 0.2645, 0.32, negative
F, 0.595, 0.45, 0.165, 1.081, 0.49, 0.2525, 0.279, negative
M, 0.645, 0.51, 0.19, 1.4865, 0.6445, 0.296, 0.425, negative
M, 0.65, 0.51, 0.175, 1.155, 0.4955, 0.2025, 0.385, negative
F, 0.67, 0.525, 0.195, 1.37, 0.6065, 0.2955, 0.407, negative
F, 0.705, 0.555, 0.195, 1.7525, 0.7105, 0.4215, 0.516, negative
I, 0.62, 0.48, 0.18, 1.1305, 0.5285, 0.2655, 0.306, negative
M, 0.63, 0.49, 0.16, 1.09, 0.407, 0.224, 0.354, negative
M, 0.675, 0.54, 0.175, 1.5545, 0.6645, 0.278, 0.512, negative
M, 0.74, 0.58, 0.205, 2.381, 0.8155, 0.4695, 0.488, negative
M, 0.55, 0.41, 0.15, 0.785, 0.282, 0.186, 0.275, negative
F, 0.565, 0.45, 0.165, 0.9765, 0.322, 0.244, 0.37, negative
F, 0.45, 0.36, 0.11, 0.447, 0.203, 0.082, 0.13, negative
F, 0.525, 0.41, 0.15, 0.708, 0.274, 0.151, 0.25, negative
F, 0.575, 0.45, 0.1, 0.9315, 0.431, 0.222, 0.235, negative
M, 0.62, 0.5, 0.2, 1.221, 0.4605, 0.263, 0.43, negative
M, 0.495, 0.38, 0.135, 0.6295, 0.263, 0.1425, 0.215, negative
F, 0.525, 0.43, 0.125, 0.813, 0.3315, 0.166, 0.1775, negative
M, 0.395, 0.28, 0.08, 0.266, 0.0995, 0.066, 0.09, negative
I, 0.5, 0.38, 0.155, 0.6675, 0.2745, 0.156, 0.18, negative
F, 0.53, 0.4, 0.165, 0.772, 0.2855, 0.1975, 0.23, negative
F, 0.515, 0.395, 0.14, 0.686, 0.281, 0.1255, 0.22, negative
M, 0.72, 0.6, 0.235, 2.2385, 0.984, 0.411, 0.621, negative
M, 0.585, 0.455, 0.155, 1.133, 0.5515, 0.223, 0.305, negative
M, 0.625, 0.5, 0.18, 1.3705, 0.645, 0.303, 0.3705, negative
F, 0.635, 0.5, 0.175, 1.477, 0.684, 0.3005, 0.39, negative
M, 0.5, 0.38, 0.155, 0.5955, 0.2135, 0.161, 0.2, negative
M, 0.605, 0.5, 0.175, 1.098, 0.4765, 0.232, 0.375, negative
M, 0.52, 0.385, 0.115, 0.669, 0.2385, 0.172, 0.205, negative
M, 0.59, 0.46, 0.13, 1.102, 0.455, 0.2055, 0.33, negative
M, 0.765, 0.6, 0.22, 2.302, 1.007, 0.509, 0.6205, negative
M, 0.69, 0.53, 0.21, 1.583, 0.7355, 0.405, 0.3865, negative
M, 0.63, 0.485, 0.145, 1.062, 0.5065, 0.1785, 0.3365, negative
F, 0.62, 0.515, 0.155, 1.3255, 0.6685, 0.2605, 0.335, negative
M, 0.62, 0.48, 0.15, 1.266, 0.6285, 0.2575, 0.309, negative
M, 0.645, 0.5, 0.175, 1.286, 0.5645, 0.288, 0.386, negative
F, 0.74, 0.565, 0.205, 2.119, 0.9655, 0.5185, 0.482, negative
M, 0.53, 0.435, 0.135, 0.7365, 0.3275, 0.1315, 0.22, negative
I, 0.435, 0.335, 0.11, 0.383, 0.1555, 0.0675, 0.135, negative
F, 0.59, 0.455, 0.165, 1.161, 0.38, 0.2455, 0.28, negative
F, 0.72, 0.565, 0.17, 1.613, 0.723, 0.3255, 0.4945, negative
M, 0.745, 0.575, 0.2, 1.884, 0.954, 0.336, 0.495, negative
M, 0.6, 0.45, 0.15, 0.8665, 0.3695, 0.1955, 0.255, negative
M, 0.41, 0.325, 0.12, 0.3745, 0.158, 0.081, 0.125, negative
F, 0.61, 0.48, 0.19, 1.2955, 0.5215, 0.3225, 0.365, negative
F, 0.655, 0.5, 0.14, 1.1705, 0.5405, 0.3175, 0.285, negative
I, 0.375, 0.28, 0.1, 0.2565, 0.1165, 0.0585, 0.0725, negative
M, 0.715, 0.52, 0.18, 1.6, 0.708, 0.3525, 0.445, negative
F, 0.61, 0.49, 0.17, 1.137, 0.4605, 0.2825, 0.344, negative
F, 0.71, 0.555, 0.17, 1.47, 0.5375, 0.38, 0.431, negative
F, 0.56, 0.46, 0.18, 0.97, 0.342, 0.196, 0.355, negative
F, 0.575, 0.45, 0.12, 0.9585, 0.447, 0.169, 0.275, negative
F, 0.705, 0.55, 0.2, 1.7095, 0.633, 0.4115, 0.49, negative
F, 0.595, 0.495, 0.185, 1.285, 0.416, 0.224, 0.485, negative
M, 0.555, 0.425, 0.13, 0.7665, 0.264, 0.168, 0.275, negative
F, 0.605, 0.45, 0.195, 1.098, 0.481, 0.2895, 0.315, negative
M, 0.625, 0.465, 0.14, 1.195, 0.4825, 0.205, 0.4, negative
M, 0.595, 0.465, 0.175, 1.115, 0.4015, 0.254, 0.39, negative
F, 0.58, 0.455, 0.17, 0.9075, 0.374, 0.2135, 0.285, negative
F, 0.575, 0.46, 0.165, 1.124, 0.2985, 0.1785, 0.44, negative
M, 0.605, 0.465, 0.165, 1.056, 0.4215, 0.2475, 0.34, negative
F, 0.605, 0.485, 0.16, 1.222, 0.53, 0.2575, 0.28, negative
M, 0.62, 0.49, 0.19, 1.218, 0.5455, 0.2965, 0.355, negative
M, 0.615, 0.48, 0.18, 1.1595, 0.4845, 0.2165, 0.325, negative
M, 0.5, 0.4, 0.165, 0.825, 0.254, 0.205, 0.285, negative
F, 0.53, 0.435, 0.17, 0.8155, 0.2985, 0.155, 0.275, negative
F, 0.525, 0.415, 0.17, 0.8325, 0.2755, 0.1685, 0.31, negative
M, 0.555, 0.445, 0.135, 0.836, 0.336, 0.1625, 0.275, negative
I, 0.32, 0.245, 0.08, 0.1585, 0.0635, 0.0325, 0.05, negative
M, 0.59, 0.47, 0.18, 1.1235, 0.4205, 0.2805, 0.36, negative
F, 0.59, 0.475, 0.16, 1.1015, 0.4775, 0.2555, 0.295, negative
F, 0.45, 0.36, 0.125, 0.4995, 0.2035, 0.1, 0.17, negative
M, 0.63, 0.515, 0.155, 1.259, 0.4105, 0.197, 0.41, negative
F, 0.54, 0.435, 0.175, 0.892, 0.322, 0.174, 0.335, negative
M, 0.645, 0.515, 0.24, 1.5415, 0.471, 0.369, 0.535, negative
M, 0.62, 0.475, 0.185, 1.325, 0.6045, 0.325, 0.33, negative
M, 0.49, 0.39, 0.14, 0.707, 0.2795, 0.2185, 0.18, negative
M, 0.685, 0.52, 0.15, 1.343, 0.4635, 0.292, 0.4, negative
F, 0.49, 0.39, 0.135, 0.5785, 0.2465, 0.123, 0.2, negative
M, 0.58, 0.45, 0.175, 1.068, 0.425, 0.203, 0.32, negative
I, 0.44, 0.345, 0.1, 0.366, 0.122, 0.0905, 0.12, negative
M, 0.5, 0.415, 0.165, 0.6885, 0.249, 0.138, 0.25, negative
M, 0.565, 0.435, 0.185, 0.9815, 0.329, 0.136, 0.39, negative
M, 0.655, 0.53, 0.195, 1.388, 0.567, 0.2735, 0.41, negative
F, 0.585, 0.465, 0.14, 0.908, 0.381, 0.1615, 0.315, negative
M, 0.58, 0.46, 0.13, 0.921, 0.357, 0.181, 0.29, negative
F, 0.6, 0.505, 0.19, 1.129, 0.4385, 0.256, 0.36, negative
F, 0.46, 0.355, 0.13, 0.458, 0.192, 0.1055, 0.13, negative
I, 0.615, 0.49, 0.155, 0.9885, 0.4145, 0.195, 0.345, negative
I, 0.48, 0.37, 0.12, 0.514, 0.2075, 0.131, 0.155, negative
F, 0.66, 0.53, 0.17, 1.326, 0.519, 0.2625, 0.44, negative
I, 0.52, 0.4, 0.145, 0.66, 0.267, 0.1055, 0.22, negative
I, 0.515, 0.4, 0.12, 0.659, 0.2705, 0.179, 0.17, negative
I, 0.46, 0.355, 0.14, 0.4935, 0.216, 0.133, 0.115, negative
F, 0.55, 0.41, 0.145, 0.8285, 0.3095, 0.1905, 0.25, negative
F, 0.405, 0.31, 0.12, 0.3095, 0.138, 0.058, 0.095, negative
I, 0.51, 0.4, 0.15, 0.745, 0.2865, 0.1675, 0.235, negative
I, 0.575, 0.455, 0.18, 0.8525, 0.3015, 0.1825, 0.3, negative
F, 0.39, 0.3, 0.1, 0.265, 0.1075, 0.06, 0.0865, negative
I, 0.425, 0.345, 0.125, 0.425, 0.16, 0.0795, 0.154, negative
M, 0.415, 0.345, 0.135, 0.3865, 0.128, 0.07, 0.148, negative
F, 0.51, 0.4, 0.13, 0.5735, 0.219, 0.1365, 0.195, negative
M, 0.55, 0.425, 0.155, 0.9175, 0.2775, 0.243, 0.335, negative
F, 0.45, 0.35, 0.145, 0.5425, 0.1765, 0.123, 0.175, negative
F, 0.535, 0.4, 0.15, 0.8045, 0.3345, 0.2125, 0.21, negative
F, 0.43, 0.335, 0.12, 0.444, 0.155, 0.1145, 0.14, negative
M, 0.555, 0.455, 0.16, 1.0575, 0.3925, 0.228, 0.293, negative
M, 0.505, 0.4, 0.125, 0.77, 0.2735, 0.159, 0.255, negative
M, 0.545, 0.42, 0.13, 0.879, 0.374, 0.1695, 0.23, negative
M, 0.505, 0.38, 0.13, 0.656, 0.227, 0.1785, 0.22, negative
F, 0.51, 0.39, 0.105, 0.612, 0.187, 0.15, 0.195, negative
F, 0.605, 0.46, 0.17, 1.122, 0.347, 0.3045, 0.315, negative
F, 0.58, 0.455, 0.165, 1.1365, 0.369, 0.3005, 0.275, negative
M, 0.62, 0.505, 0.185, 1.5275, 0.69, 0.368, 0.35, negative
M, 0.57, 0.44, 0.155, 1.116, 0.4775, 0.2315, 0.27, negative
F, 0.59, 0.445, 0.13, 1.1325, 0.3825, 0.234, 0.32, negative
M, 0.49, 0.38, 0.14, 0.6385, 0.2305, 0.142, 0.195, negative
M, 0.56, 0.41, 0.165, 0.93, 0.3505, 0.237, 0.3, negative
I, 0.515, 0.42, 0.135, 0.711, 0.337, 0.144, 0.205, negative
M, 0.655, 0.535, 0.205, 1.6445, 0.7305, 0.3595, 0.46, negative
M, 0.675, 0.545, 0.185, 1.7375, 0.876, 0.3135, 0.469, negative
F, 0.72, 0.575, 0.17, 1.9335, 0.913, 0.389, 0.51, negative
M, 0.725, 0.575, 0.24, 2.21, 1.351, 0.413, 0.5015, negative
M, 0.575, 0.44, 0.16, 0.9615, 0.483, 0.166, 0.275, negative
M, 0.62, 0.515, 0.175, 1.221, 0.535, 0.241, 0.395, negative
I, 0.635, 0.5, 0.165, 1.489, 0.715, 0.3445, 0.3615, negative
M, 0.675, 0.525, 0.16, 1.2835, 0.572, 0.2755, 0.3545, negative
M, 0.72, 0.55, 0.205, 2.125, 1.1455, 0.4425, 0.511, negative
F, 0.705, 0.545, 0.18, 1.5395, 0.6075, 0.3675, 0.4645, negative
F, 0.65, 0.51, 0.155, 1.189, 0.483, 0.278, 0.3645, negative
M, 0.695, 0.545, 0.185, 1.5715, 0.6645, 0.3835, 0.4505, negative
F, 0.7, 0.575, 0.205, 1.773, 0.605, 0.447, 0.538, negative
M, 0.7, 0.55, 0.195, 1.6245, 0.675, 0.347, 0.535, negative
M, 0.76, 0.605, 0.215, 2.173, 0.801, 0.4915, 0.646, negative
M, 0.62, 0.49, 0.17, 1.2105, 0.5185, 0.2555, 0.335, negative
F, 0.645, 0.5, 0.17, 1.1845, 0.4805, 0.274, 0.355, negative
M, 0.55, 0.43, 0.16, 0.9295, 0.317, 0.1735, 0.355, negative
I, 0.43, 0.325, 0.11, 0.3675, 0.1355, 0.0935, 0.12, negative
F, 0.595, 0.495, 0.235, 1.366, 0.5065, 0.219, 0.52, negative
F, 0.515, 0.415, 0.13, 0.764, 0.276, 0.196, 0.25, negative
F, 0.485, 0.375, 0.145, 0.5885, 0.2385, 0.1155, 0.19, negative
F, 0.625, 0.525, 0.195, 1.352, 0.4505, 0.2445, 0.53, negative
M, 0.59, 0.475, 0.155, 0.857, 0.356, 0.174, 0.28, negative
M, 0.6, 0.48, 0.175, 1.229, 0.4125, 0.2735, 0.415, negative
M, 0.495, 0.415, 0.165, 0.7485, 0.264, 0.134, 0.285, negative
F, 0.59, 0.465, 0.16, 1.1005, 0.506, 0.2525, 0.295, negative
F, 0.62, 0.51, 0.15, 1.456, 0.581, 0.2875, 0.32, negative
F, 0.545, 0.445, 0.175, 0.8525, 0.3465, 0.189, 0.295, negative
F, 0.535, 0.45, 0.135, 0.8075, 0.322, 0.181, 0.25, negative
M, 0.47, 0.375, 0.13, 0.5795, 0.2145, 0.164, 0.195, negative
F, 0.435, 0.35, 0.11, 0.384, 0.143, 0.1005, 0.125, negative
M, 0.535, 0.435, 0.155, 0.8915, 0.3415, 0.177, 0.25, negative
M, 0.515, 0.42, 0.14, 0.769, 0.2505, 0.154, 0.29, negative
M, 0.475, 0.395, 0.135, 0.592, 0.2465, 0.1645, 0.2, negative
M, 0.695, 0.55, 0.22, 1.5515, 0.566, 0.3835, 0.445, negative
F, 0.56, 0.43, 0.125, 0.8025, 0.313, 0.1715, 0.263, negative
M, 0.555, 0.44, 0.135, 0.9025, 0.3805, 0.2105, 0.28, negative
M, 0.575, 0.47, 0.15, 1.1415, 0.4515, 0.204, 0.4, negative
F, 0.645, 0.525, 0.2, 1.449, 0.601, 0.2565, 0.505, negative
I, 0.445, 0.33, 0.1, 0.437, 0.163, 0.0755, 0.17, negative
M, 0.35, 0.255, 0.085, 0.2145, 0.1, 0.0465, 0.06, negative
I, 0.575, 0.45, 0.17, 0.9315, 0.358, 0.2145, 0.26, negative
M, 0.465, 0.355, 0.125, 0.5255, 0.2025, 0.135, 0.145, negative
F, 0.5, 0.385, 0.13, 0.768, 0.2625, 0.095, 0.27, negative
M, 0.54, 0.415, 0.13, 0.8245, 0.272, 0.226, 0.24, negative
M, 0.57, 0.42, 0.155, 1.008, 0.377, 0.193, 0.34, negative
F, 0.52, 0.425, 0.145, 0.7, 0.207, 0.1905, 0.24, negative
F, 0.49, 0.4, 0.145, 0.6635, 0.21, 0.1295, 0.2515, negative
F, 0.675, 0.555, 0.205, 1.925, 0.713, 0.358, 0.4535, negative
F, 0.675, 0.55, 0.175, 1.689, 0.694, 0.371, 0.474, negative
F, 0.69, 0.545, 0.205, 1.933, 0.7855, 0.429, 0.498, negative
F, 0.7, 0.575, 0.205, 1.7975, 0.7295, 0.3935, 0.5165, negative
M, 0.67, 0.51, 0.18, 1.68, 0.926, 0.2975, 0.3935, negative
F, 0.675, 0.55, 0.19, 1.551, 0.7105, 0.3685, 0.412, negative
M, 0.7, 0.55, 0.2, 1.523, 0.693, 0.306, 0.4405, negative
M, 0.7, 0.54, 0.205, 1.74, 0.7885, 0.373, 0.4865, negative
F, 0.605, 0.495, 0.17, 1.0915, 0.4365, 0.2715, 0.335, negative
F, 0.66, 0.525, 0.16, 1.277, 0.4975, 0.319, 0.394, negative
M, 0.72, 0.58, 0.19, 2.0885, 0.9955, 0.478, 0.5305, negative
M, 0.68, 0.54, 0.21, 1.7885, 0.8345, 0.408, 0.437, negative
M, 0.615, 0.49, 0.17, 1.145, 0.4915, 0.208, 0.343, negative
M, 0.71, 0.56, 0.175, 1.724, 0.566, 0.4575, 0.4625, negative
M, 0.55, 0.42, 0.17, 0.8465, 0.336, 0.2405, 0.245, negative
F, 0.645, 0.5, 0.18, 1.2785, 0.5345, 0.2995, 0.345, negative
F, 0.64, 0.475, 0.19, 1.151, 0.4365, 0.281, 0.3805, negative
M, 0.525, 0.405, 0.16, 0.792, 0.316, 0.1455, 0.28, negative
F, 0.67, 0.545, 0.175, 1.707, 0.6995, 0.387, 0.575, negative
M, 0.65, 0.515, 0.18, 1.3315, 0.5665, 0.347, 0.405, negative
F, 0.555, 0.42, 0.14, 0.868, 0.33, 0.243, 0.21, negative
F, 0.45, 0.35, 0.135, 0.56, 0.231, 0.137, 0.145, negative
M, 0.485, 0.41, 0.15, 0.696, 0.2405, 0.1625, 0.265, negative
F, 0.59, 0.485, 0.205, 1.2315, 0.4525, 0.238, 0.42, negative
F, 0.695, 0.55, 0.16, 1.6365, 0.694, 0.3005, 0.44, negative
M, 0.55, 0.435, 0.16, 0.906, 0.342, 0.219, 0.295, negative
F, 0.56, 0.435, 0.125, 0.8775, 0.3345, 0.2145, 0.29, negative
F, 0.625, 0.475, 0.13, 0.8595, 0.3195, 0.1775, 0.24, negative
F, 0.475, 0.375, 0.14, 0.501, 0.192, 0.1175, 0.175, negative
F, 0.58, 0.475, 0.165, 1.0385, 0.414, 0.26, 0.305, negative
F, 0.665, 0.57, 0.185, 1.522, 0.6965, 0.3025, 0.405, negative
M, 0.575, 0.455, 0.185, 1.156, 0.5525, 0.243, 0.295, negative
F, 0.62, 0.5, 0.175, 1.146, 0.477, 0.23, 0.39, negative
F, 0.62, 0.485, 0.165, 1.166, 0.483, 0.238, 0.355, negative
I, 0.575, 0.475, 0.17, 0.967, 0.3775, 0.284, 0.275, negative
I, 0.44, 0.34, 0.125, 0.4895, 0.1735, 0.0875, 0.2, negative
F, 0.455, 0.365, 0.11, 0.385, 0.166, 0.046, 0.1345, negative
I, 0.495, 0.38, 0.145, 0.515, 0.175, 0.098, 0.212, negative
I, 0.49, 0.385, 0.115, 0.683, 0.3265, 0.1615, 0.165, negative
F, 0.51, 0.38, 0.13, 0.584, 0.224, 0.1355, 0.185, negative
I, 0.61, 0.48, 0.165, 1.097, 0.4215, 0.264, 0.335, negative
M, 0.74, 0.535, 0.185, 1.65, 0.734, 0.4505, 0.335, negative
M, 0.545, 0.42, 0.125, 0.9745, 0.353, 0.174, 0.305, negative
M, 0.62, 0.48, 0.16, 1.0765, 0.412, 0.253, 0.3, negative
F, 0.605, 0.45, 0.165, 1.2225, 0.357, 0.202, 0.385, negative
M, 0.71, 0.55, 0.2, 1.9045, 0.882, 0.44, 0.5, negative
M, 0.74, 0.605, 0.2, 2.4925, 1.1455, 0.575, 0.5235, negative
F, 0.735, 0.565, 0.225, 2.037, 0.87, 0.5145, 0.5675, negative
M, 0.64, 0.5, 0.175, 1.273, 0.5065, 0.2925, 0.405, negative
M, 0.65, 0.525, 0.205, 1.4275, 0.69, 0.306, 0.4355, negative
F, 0.695, 0.525, 0.205, 1.8185, 0.819, 0.4025, 0.4525, negative
F, 0.585, 0.42, 0.155, 0.9845, 0.442, 0.2155, 0.2875, negative
F, 0.655, 0.52, 0.175, 1.472, 0.6275, 0.27, 0.45, negative
F, 0.5, 0.4, 0.15, 0.8085, 0.273, 0.112, 0.295, negative
F, 0.595, 0.5, 0.18, 1.053, 0.4405, 0.192, 0.39, negative
I, 0.48, 0.39, 0.15, 0.6275, 0.276, 0.134, 0.185, negative
M, 0.455, 0.355, 0.135, 0.4745, 0.1865, 0.0935, 0.168, negative
I, 0.615, 0.46, 0.19, 1.066, 0.4335, 0.226, 0.33, negative
M, 0.53, 0.425, 0.11, 0.739, 0.237, 0.161, 0.295, negative
M, 0.525, 0.41, 0.165, 0.8005, 0.2635, 0.1985, 0.25, negative
F, 0.525, 0.415, 0.15, 0.7155, 0.2355, 0.171, 0.27, negative
F, 0.53, 0.425, 0.13, 0.717, 0.2115, 0.166, 0.255, negative
F, 0.625, 0.495, 0.16, 1.234, 0.6335, 0.192, 0.35, negative
M, 0.625, 0.47, 0.145, 1.7855, 0.675, 0.247, 0.3245, negative
M, 0.63, 0.53, 0.175, 1.4135, 0.667, 0.2945, 0.3555, negative
M, 0.655, 0.525, 0.18, 1.402, 0.624, 0.2935, 0.365, negative
F, 0.575, 0.46, 0.19, 0.994, 0.392, 0.2425, 0.34, negative
M, 0.675, 0.525, 0.185, 1.587, 0.6935, 0.336, 0.395, negative
M, 0.545, 0.41, 0.14, 0.625, 0.223, 0.16, 0.235, negative
I, 0.605, 0.47, 0.14, 0.939, 0.3385, 0.201, 0.32, negative
I, 0.62, 0.485, 0.18, 1.1785, 0.4675, 0.2655, 0.39, negative
F, 0.67, 0.52, 0.19, 1.32, 0.5235, 0.3095, 0.4275, negative
M, 0.57, 0.415, 0.13, 0.88, 0.4275, 0.1955, 0.238, negative
F, 0.65, 0.515, 0.195, 1.4005, 0.5195, 0.36, 0.44, negative
M, 0.555, 0.43, 0.165, 0.7575, 0.2735, 0.1635, 0.275, negative
M, 0.6, 0.485, 0.175, 1.2675, 0.4995, 0.2815, 0.38, negative
F, 0.72, 0.575, 0.215, 2.226, 0.8955, 0.405, 0.62, negative
F, 0.67, 0.52, 0.15, 1.406, 0.519, 0.348, 0.37, negative
M, 0.69, 0.515, 0.18, 1.8445, 0.9815, 0.4655, 0.341, negative
M, 0.535, 0.405, 0.175, 1.2705, 0.548, 0.3265, 0.337, negative
F, 0.475, 0.35, 0.115, 0.487, 0.194, 0.1455, 0.125, negative
M, 0.515, 0.4, 0.125, 0.955, 0.341, 0.2535, 0.26, negative
M, 0.455, 0.345, 0.15, 0.5795, 0.1685, 0.125, 0.215, negative
M, 0.695, 0.58, 0.2, 1.8995, 0.675, 0.478, 0.5295, negative
F, 0.475, 0.4, 0.115, 0.541, 0.186, 0.1025, 0.21, negative
F, 0.465, 0.39, 0.11, 0.6355, 0.1815, 0.157, 0.225, negative
F, 0.655, 0.5, 0.22, 1.359, 0.642, 0.3255, 0.405, negative
